6.488
6.613
6.889
6.918
7.758
7.734
6.272
6.640
6.719
6.759
7.505
7.195
7.174
6.603
7.387
6.813
6.869
6.879
8.074
7.292
7.289
7.534
6.728
7.141
7.310
6.391
6.686
7.279
6.888
7.036
7.762
6.791
6.951
6.872
6.655
7.106
7.807
6.561
7.301
7.023
6.996
6.964
7.762
6.385
6.836
7.259
7.103
7.568
8.916
7.096
7.454
6.951
7.026
7.275
7.462
6.573
6.990
6.964
7.010
7.337
7.263
6.644
7.134
9.320
6.735
6.741
7.010
7.457
6.471
7.122
6.850
7.194
6.864
6.559
6.594
6.976
6.941
7.227
7.505
6.641
6.826
7.049
7.340
6.929
6.791
7.557
6.561
6.899
6.895
7.186
6.866
7.642
6.301
6.945
6.940
6.893
6.941
7.035
6.888
6.907
6.909
7.040
7.024
7.513
6.480
6.655
7.059
6.966
6.909
8.034
6.305
6.869
7.031
7.150
6.961
6.865
7.063
6.740
7.221
7.456
6.982
7.164
6.332
6.796
6.964
6.937
6.605
7.055
6.952
6.930
7.219
7.391
6.841
6.923
6.512
7.251
7.553
7.096
7.369
7.046
7.621
6.857
6.648
6.955
6.933
7.180
7.470
6.686
7.019
6.607
6.897
6.677
7.253
6.692
6.988
7.648
6.695
7.073
7.357
6.600
6.872
7.005
7.093
6.911
7.451
6.281
7.021
6.825
6.796
6.864
6.666
7.116
6.955
6.779
7.115
6.516
7.018
7.615
6.646
7.053
6.950
6.902
6.868
7.864
6.800
6.905
6.782
6.806
7.266
6.830
8.075
6.648
6.859
6.769
6.490
6.987
7.962
6.999
7.385
7.235
7.032
6.853
7.627
6.353
6.710
6.905
6.784
7.697
6.934
6.660
6.965
6.836
7.216
6.716
7.061
6.777
7.207
7.076
6.848
7.043
7.502
6.352
6.710
7.031
6.978
6.853
7.723
6.576
6.789
6.759
6.773
6.833
6.999
7.697
6.999
6.799
6.871
6.719
6.694
7.055
6.624
6.459
6.809
7.029
6.843
6.748
7.431
6.896
6.440
6.883
7.178
6.846
7.599
6.589
6.759
6.964
6.483
7.193
6.664
7.665
6.764
6.984
6.937
6.954
7.051
7.773
6.313
7.007
6.859
6.878
6.623
7.233
6.442
6.674
6.527
6.735
6.591
6.864
7.977
6.668
6.710
6.705
6.542
6.914
7.034
6.369
6.846
6.532
6.711
6.769
7.234
7.527
6.341
6.735
6.853
6.758
6.868
7.523
6.223
6.859
6.871
6.741
6.693
7.068
7.384
6.427
6.834
6.783
6.832
7.089
7.883
6.211
6.897
6.517
6.918
6.895
7.522
6.412
6.834
6.589
7.913
6.922
7.217
6.265
6.794
7.029
6.819
6.992
6.845
6.903
6.868
6.623
7.115
7.059
6.524
6.743
6.720
7.271
6.824
6.924
6.907
6.925
6.833
6.840
6.849
6.866
6.929
6.904
6.979
6.769
6.670
7.673
6.704
6.712
6.778
6.766
6.881
6.818
7.023
6.872
6.781
6.939
6.708
6.544
7.108
6.858
6.837
7.077
7.027
7.026
6.760
6.516
6.796
6.997
6.526
6.822
7.763
6.809
6.896
6.960
7.095
6.908
7.178
6.564
6.914
7.146
6.988
6.765
6.669
7.020
6.910
6.877
6.721
6.873
6.667
7.006
6.897
6.781
6.658
7.325
6.600
6.873
7.030
6.986
6.817
6.871
6.867
7.121
6.845
7.033
7.298
6.799
6.941
6.724
6.847
6.824
6.720
6.864
6.913
7.086
6.924
7.117
6.754
6.869
7.957
6.267
7.019
7.132
7.001
6.735
7.344
6.752
6.638
6.941
6.862
6.827
6.413
7.580
6.866
7.048
6.899
6.836
7.012
7.444
6.356
6.852
6.780
7.298
6.758
6.908
7.758
6.847
6.768
6.688
7.008
6.686
7.062
6.862
6.759
6.780
6.813
6.883
6.908
6.685
7.042
7.299
6.882
6.803
6.977
6.771
6.587
6.874
6.743
6.911
6.835
6.753
7.008
6.875
7.159
6.806
6.858
6.437
6.785
7.947
7.373
6.448
6.328
6.676
6.594
7.120
7.063
6.810
6.788
7.081
7.009
6.784
6.774
6.929
6.833
8.496
6.722
6.802
6.907
6.895
7.292
6.910
7.480
7.305
6.405
7.028
7.876
6.773
6.650
6.867
6.909
6.782
7.714
6.445
6.718
7.796
6.840
7.022
7.390
6.813
6.954
6.983
7.711
6.915
7.251
6.304
6.952
6.805
7.028
7.151
7.135
8.343
6.882
6.794
6.929
6.830
6.865
7.863
6.950
6.917
6.843
6.507
6.734
7.416
6.281
6.793
6.882
6.758
6.705
7.985
7.484
7.613
6.918
6.978
6.819
6.708
7.989
6.417
6.988
7.854
6.927
6.749
7.131
6.693
6.782
7.242
6.728
6.356
6.751
6.441
6.925
7.136
6.906
6.901
6.789
7.104
6.944
6.650
6.875
6.921
6.932
7.102
6.568
6.815
6.881
6.924
6.785
6.950
6.675
7.110
6.710
6.741
6.791
6.958
7.003
6.829
7.196
6.877
7.284
6.419
6.852
7.231
7.893
7.513
7.299
6.683
6.593
6.837
6.901
6.962
8.121
6.517
6.940
7.030
7.161
6.880
7.897
6.163
6.975
6.705
7.028
6.898
7.085
8.492
6.965
6.771
6.786
6.631
6.810
7.522
6.950
6.942
6.818
6.877
6.906
7.399
6.442
6.858
6.907
7.125
6.764
7.180
6.680
6.594
7.088
6.798
7.024
6.775
6.520
6.844
7.000
7.016
6.867
6.898
6.830
6.782
6.664
6.843
6.890
6.813
6.694
7.347
7.019
7.101
6.938
7.405
6.557
6.940
6.830
6.631
6.902
7.181
6.851
6.977
6.764
6.924
7.016
6.689
6.951
6.775
8.631
7.054
6.997
6.864
6.739
6.918
6.990
6.472
7.094
7.893
6.191
6.724
6.980
6.837
6.925
6.845
7.487
6.914
7.038
6.852
6.771
6.932
8.031
6.619
6.972
6.878
7.025
6.994
7.349
6.342
6.916
6.900
6.887
7.165
6.975
7.607
6.540
6.748
6.881
6.826
6.914
7.037
6.508
6.805
6.974
6.712
7.035
6.574
6.769
7.075
7.903
6.922
7.302
7.717
6.850
6.834
6.724
6.766
6.852
7.777
6.363
6.943
6.901
6.685
6.970
7.008
6.872
6.870
6.864
6.878
7.067
7.228
6.364
6.828
6.830
6.685
6.744
7.261
7.099
6.783
6.806
6.934
7.170
6.817
7.492
6.838
6.692
6.886
7.030
6.951
6.929
7.029
6.892
6.856
7.107
6.738
6.824
6.734
6.927
6.797
6.407
7.142
6.987
6.935
6.809
6.906
6.764
6.800
7.016
6.890
7.080
6.962
7.421
6.562
6.725
6.635
6.472
6.798
7.047
6.942
6.861
6.599
6.885
7.414
7.032
7.460
6.311
6.646
7.001
6.909
7.139
7.855
6.350
6.889
6.875
6.551
6.940
6.852
7.546
6.629
6.921
6.821
6.980
6.942
6.404
6.859
6.424
7.560
6.518
6.266
6.903
6.275
6.805
7.625
7.334
8.312
6.748
7.759
7.144
6.869
6.880
7.109
7.010
7.213
6.919
6.723
7.480
6.474
7.047
6.868
6.889
6.829
7.686
6.662
7.040
6.924
6.942
6.956
6.929
6.877
7.186
6.969
6.833
6.906
7.176
6.545
6.606
6.874
6.863
6.730
7.646
7.011
7.004
6.985
7.007
6.890
6.893
6.675
6.621
6.892
6.696
6.832
7.537
7.805
6.737
6.722
6.908
7.028
6.784
7.214
6.368
6.668
6.748
6.854
6.995
7.395
6.583
6.704
6.876
6.939
6.763
7.042
7.594
6.811
6.895
6.497
6.838
6.819
7.322
6.550
6.793
6.924
6.890
6.973
6.740
7.378
7.294
6.591
6.931
6.986
7.173
7.301
6.272
8.467
6.807
8.042
6.991
7.085
6.548
7.028
6.578
6.962
7.146
6.735
7.169
6.846
6.870
7.100
7.139
7.190
6.432
6.946
6.948
6.812
6.559
7.265
6.381
6.941
6.744
7.048
6.899
7.664
6.713
6.938
8.962
6.863
6.942
6.840
6.762
6.511
7.088
6.920
6.949
6.972
7.708
6.782
7.025
6.700
6.983
6.749
7.580
6.465
6.885
6.825
6.846
7.054
6.713
6.299
6.683
6.964
6.967
6.673
7.185
8.082
6.679
6.914
6.839
6.939
6.922
7.531
6.130
6.754
7.343
6.946
6.950
7.796
6.381
6.684
6.910
6.984
7.381
6.964
6.906
7.039
7.029
6.973
7.047
7.059
6.242
6.684
6.944
7.477
6.817
7.240
6.878
6.415
6.832
6.950
7.452
6.893
7.374
6.210
6.963
6.899
7.478
6.868
6.983
6.803
6.756
7.058
6.792
6.769
7.049
7.035
6.853
7.170
6.923
6.938
7.011
6.929
7.115
6.967
6.669
6.814
6.831
7.163
6.734
6.956
6.771
6.799
7.012
6.906
7.054
7.323
7.039
6.805
7.718
6.282
6.804
6.839
6.784
6.901
7.802
6.463
6.965
6.831
6.978
7.222
6.760
6.492
6.879
6.769
6.851
6.945
7.080
6.902
6.985
6.506
6.866
6.740
6.824
6.394
6.735
6.822
7.688
6.248
7.565
6.550
6.806
6.691
6.614
7.016
6.673
7.094
6.698
6.894
6.796
6.782
6.759
6.798
6.989
6.869
6.632
7.072
6.811
6.998
6.827
6.734
6.826
6.848
6.804
6.984
7.025
6.907
6.824
6.958
6.868
6.804
7.150
6.765
7.022
6.739
6.906
6.627
6.984
6.912
6.792
7.075
6.772
6.504
6.812
6.603
7.264
6.609
6.822
6.898
7.142
6.763
6.667
6.956
7.847
6.761
6.846
6.922
6.624
6.928
7.226
6.631
6.750
6.742
6.968
6.782
6.778
6.731
6.903
7.013
6.996
7.085
6.996
6.514
6.943
6.907
6.931
7.111
6.667
6.831
7.010
7.546
7.885
6.580
8.408
6.759
6.915
7.091
6.947
6.796
7.476
6.464
6.715
7.259
7.066
7.048
8.009
7.371
8.739
7.353
6.398
6.806
7.949
7.816
7.627
7.112
6.811
7.410
6.929
6.821
7.645
7.177
6.633
7.148
6.792
6.790
6.659
7.154
6.736
7.964
7.551
7.023
7.615
6.964
7.761
7.121
7.419
7.316
7.254
6.640
6.845
7.328
6.783
6.906
7.353
6.990
8.896
7.213
6.979
7.106
6.571
6.954
6.885
7.020
6.669
7.154
7.129
7.020
7.047
8.401
6.261
6.780
7.095
6.825
6.980
7.420
6.774
6.697
6.623
7.024
7.322
8.665
6.663
6.979
7.526
6.676
7.175
7.235
8.411
7.029
7.009
7.194
6.809
8.197
6.575
6.356
7.005
7.317
6.766
7.998
6.497
7.504
7.630
8.497
8.429
8.852
8.075
7.096
8.609
7.169
11.266
10.126
6.898
7.242
7.250
7.352
7.527
7.230
6.402
8.123
7.861
7.010
8.284
6.782
6.582
6.384
6.237
6.957
7.634
7.044
6.378
6.409
6.579
6.254
6.812
7.386
6.207
6.498
9.798
7.708
7.512
9.409
7.888
7.263
6.738
7.424
8.318
7.270
8.428
8.419
7.794
8.049
6.455
6.160
6.802
6.940
6.766
7.059
6.857
7.042
7.076
7.221
7.016
7.260
6.653
6.678
7.107
7.171
7.327
8.074
7.050
7.145
6.696
7.025
7.142
7.561
6.698
6.886
7.072
7.152
6.947
7.619
6.749
6.936
7.024
7.067
7.081
7.729
6.720
7.725
7.232
7.136
7.266
7.214
6.688
7.488
6.930
7.983
8.337
10.685
10.233
8.842
8.275
10.150
7.368
7.890
6.779
7.505
6.864
6.994
7.790
6.407
6.612
6.967
7.137
7.437
7.640
6.438
6.646
6.812
6.461
6.865
7.536
7.021
7.116
7.415
7.337
7.108
7.147
6.377
7.134
7.749
7.564
6.893
8.455
7.134
6.931
6.946
7.456
7.594
6.778
7.086
6.746
6.850
7.132
6.947
7.016
7.674
6.664
6.783
8.188
7.176
8.792
7.631
6.337
6.869
8.357
6.388
6.256
7.144
6.735
6.649
7.607
6.777
7.524
6.890
7.525
6.594
6.994
6.896
6.943
8.367
6.540
6.823
6.789
7.223
7.086
6.956
7.488
6.647
7.404
8.752
6.787
6.981
7.985
6.654
7.146
7.370
7.595
7.160
7.235
6.829
7.787
6.848
7.443
7.416
7.409
6.686
6.855
6.989
6.885
6.938
7.818
6.276
6.919
7.784
6.979
7.126
9.146
7.008
7.757
6.937
6.963
7.672
8.355
6.199
6.869
6.965
7.056
6.879
7.496
6.172
6.692
7.135
6.786
6.964
7.708
6.735
6.990
6.736
6.835
6.899
7.319
7.654
6.844
7.069
7.187
6.968
7.015
7.936
7.169
6.696
7.127
7.030
7.072
7.535
7.180
7.232
6.907
6.799
6.945
7.082
6.606
7.031
7.399
7.029
7.622
7.056
6.315
7.013
6.460
7.175
7.068
7.235
7.107
6.911
7.210
7.043
6.811
7.544
6.452
6.754
6.760
7.245
7.061
7.198
6.871
6.826
7.029
6.848
7.072
7.378
6.927
7.664
6.617
6.813
7.366
7.336
6.612
6.890
7.990
6.771
7.120
7.002
6.851
6.278
8.054
6.461
7.329
7.138
7.733
7.593
6.883
7.160
7.225
7.054
7.361
7.139
6.933
6.744
7.023
7.680
7.183
6.613
6.892
7.073
6.944
7.015
7.111
7.309
6.981
7.554
7.039
6.993
7.492
6.502
6.594
6.896
6.898
6.940
7.462
6.608
6.927
7.071
6.964
7.156
6.940
7.674
6.591
6.741
7.102
6.631
7.330
6.669
6.773
6.600
7.273
6.971
6.762
6.762
6.967
6.689
7.322
6.872
6.920
6.929
7.233
6.874
7.288
6.744
7.185
6.318
7.083
9.169
6.314
6.425
7.431
7.147
7.057
6.964
7.116
7.092
7.147
6.379
8.791
6.473
6.536
9.681
6.546
7.518
6.947
6.817
7.161
7.061
7.049
6.398
6.726
7.631
7.049
6.645
7.553
6.329
6.838
6.976
6.974
6.781
7.050
6.402
6.493
6.757
7.079
6.867
6.993
7.795
6.874
7.008
7.303
6.864
6.763
7.577
6.537
6.700
6.993
7.097
7.454
6.958
6.635
7.000
6.819
7.562
6.569
6.505
6.802
6.891
7.163
6.967
6.586
6.907
6.983
7.267
6.927
6.861
6.678
6.810
6.821
6.917
7.538
7.427
6.704
7.221
6.413
7.282
6.786
7.109
6.631
7.589
6.667
6.870
7.137
7.005
6.999
6.977
6.746
7.282
7.174
7.656
7.123
7.327
6.318
6.605
6.989
6.818
6.843
8.600
6.591
8.888
6.807
7.198
7.444
7.169
7.468
6.862
7.974
6.916
7.036
7.646
7.175
6.684
6.843
6.769
7.049
7.432
6.431
6.743
6.830
7.163
6.782
7.135
6.715
6.905
6.930
6.893
7.128
7.745
6.356
6.981
6.868
6.949
6.761
7.548
6.578
6.817
6.757
6.802
7.095
6.707
6.864
6.650
6.667
6.780
7.384
7.157
8.181
7.654
7.751
7.221
6.800
7.599
6.895
6.961
7.054
7.201
7.009
7.170
7.358
6.482
6.886
6.942
7.092
6.997
7.625
6.689
6.890
6.906
6.951
7.027
7.045
6.302
7.019
7.129
6.923
7.011
7.441
6.650
7.516
6.570
7.137
7.276
7.043
6.836
6.857
7.018
7.222
6.998
6.774
7.649
6.755
7.043
6.957
6.947
7.131
7.271
6.393
6.705
6.972
7.000
7.011
7.435
6.543
7.029
6.478
7.211
7.538
7.116
6.258
7.943
7.117
7.314
7.025
7.113
7.003
6.868
7.175
7.199
7.026
7.010
7.952
6.746
7.581
6.607
6.731
7.062
7.346
6.546
7.289
7.425
6.660
6.675
7.219
7.936
7.075
7.890
7.112
6.893
8.116
6.944
6.549
7.097
7.100
7.831
7.338
7.570
7.069
7.189
7.258
6.943
6.732
8.154
7.026
6.990
6.760
7.286
6.777
6.732
6.932
6.910
6.983
7.233
7.770
6.487
6.972
7.032
7.170
6.983
7.843
6.603
6.684
7.190
6.944
7.002
7.154
6.809
6.851
7.010
7.147
7.031
7.603
7.535
7.200
7.178
7.060
6.984
7.100
6.486
7.372
6.278
6.749
6.584
6.834
7.165
6.363
7.159
6.607
6.858
7.003
6.732
6.762
7.052
7.100
6.916
6.907
7.643
6.922
6.974
6.949
6.778
7.183
7.393
6.369
6.666
6.983
7.010
6.432
8.312
6.869
7.009
6.845
9.007
7.174
7.107
6.208
6.940
7.032
7.951
7.406
6.894
6.884
6.937
7.200
6.779
7.444
7.347
6.531
6.827
6.805
6.821
7.714
7.540
6.534
6.880
6.955
6.985
6.596
7.287
6.776
7.273
6.735
6.591
6.988
7.208
6.475
6.777
6.925
6.841
6.783
7.641
6.587
7.811
6.720
7.582
6.892
6.959
6.485
9.428
7.705
6.816
6.660
8.114
6.874
6.883
7.535
7.463
8.620
7.155
6.818
7.084
7.224
7.986
6.786
6.837
7.302
6.713
7.060
6.968
7.251
6.781
7.759
7.383
6.772
6.630
6.956
7.531
7.150
6.713
6.880
6.588
7.002
7.796
6.575
6.999
7.093
6.909
7.056
7.040
7.023
6.969
7.023
7.275
7.519
6.400
7.881
6.688
7.157
6.851
6.861
7.658
7.425
6.851
7.280
6.903
6.904
6.966
6.994
6.465
7.272
6.983
6.820
6.743
7.002
7.230
7.733
6.766
7.094
6.942
7.270
6.414
10.340
8.353
7.922
11.477
8.825
7.225
7.961
7.390
8.263
7.475
6.695
6.585
6.487
6.971
8.038
8.938
6.657
7.378
7.023
6.859
6.685
8.119
6.643
6.569
6.688
6.195
6.370
6.229
6.178
6.398
6.364
7.099
7.928
6.441
6.932
6.892
6.973
6.986
7.399
7.213
7.884
7.244
6.723
7.449
6.765
6.829
7.042
7.979
7.669
6.586
8.317
7.513
8.017
6.728
6.738
7.472
6.433
6.171
6.817
6.674
7.167
6.442
7.457
8.478
7.082
8.164
6.851
7.091
6.813
7.432
8.345
8.024
7.068
7.720
6.705
7.110
6.939
6.651
7.099
9.444
7.360
6.961
6.615
7.662
6.659
7.797
8.165
8.822
6.748
6.460
6.610
6.404
9.223
6.474
7.360
9.226
6.680
7.197
8.307
7.801
7.607
7.306
6.631
6.819
7.089
6.871
7.032
7.393
6.956
7.171
7.919
7.460
7.020
7.018
6.589
6.803
7.320
6.909
7.933
8.351
6.718
6.262
6.463
7.437
8.325
7.318
7.125
7.090
7.168
6.672
6.804
6.740
10.114
7.495
6.885
7.235
7.456
7.032
6.977
7.716
7.198
8.350
6.760
6.516
6.702
6.766
6.439
6.300
8.179
7.515
8.520
7.237
6.673
6.843
7.066
8.662
7.113
7.223
8.150
7.619
7.483
6.994
6.759
8.344
6.395
7.135
8.058
6.540
7.061
7.027
7.095
7.354
6.750
8.470
7.965
7.006
6.637
6.897
7.185
7.440
7.669
7.497
7.621
7.088
8.279
8.269
6.641
10.381
8.121
6.946
8.149
8.294
7.281
10.923
7.660
6.630
6.214
6.108
6.460
7.541
6.802
6.686
7.013
6.956
7.182
6.772
6.921
7.192
7.470
6.689
6.886
8.584
8.143
7.239
7.221
7.154
7.392
8.313
7.916
7.104
7.900
7.389
7.353
12.007
7.124
8.914
6.800
7.030
6.339
6.980
6.308
6.776
7.092
6.859
7.071
7.403
7.371
7.325
7.344
7.603
7.654
7.582
10.490
6.926
7.567
6.995
7.271
6.918
6.711
8.037
6.214
6.574
7.184
6.916
6.508
7.138
7.435
7.344
8.312
8.687
8.127
7.952
8.733
7.398
6.822
6.915
7.134
6.631
6.327
6.745
6.858
8.012
8.866
6.226
6.276
6.715
6.831
6.764
7.339
8.034
6.946
7.304
8.547
7.016
6.576
9.577
10.278
6.535
6.693
6.913
7.944
8.249
6.355
6.863
7.084
7.006
7.175
6.834
7.178
8.018
7.218
7.403
6.870
7.567
7.503
7.431
7.289
10.201
7.614
6.667
7.352
7.926
7.214
6.354
6.451
6.133
7.283
6.938
6.897
7.142
7.166
6.904
6.850
6.633
6.660
7.338
7.070
7.342
7.681
6.916
7.263
6.979
7.022
7.400
6.906
7.696
9.892
7.178
6.562
8.121
8.217
6.616
10.114
6.519
6.998
6.662
6.799
7.155
6.816
6.941
7.303
6.478
6.854
6.855
6.880
7.169
7.147
6.927
7.285
6.656
6.926
6.478
6.590
7.342
7.143
9.181
8.016
6.519
6.366
7.007
6.388
6.496
6.874
7.963
7.296
8.059
7.468
7.324
9.336
7.122
7.375
7.461
7.608
8.091
6.801
7.021
6.857
7.997
6.773
6.938
6.216
6.015
6.293
7.009
8.186
11.416
7.310
6.801
7.116
6.913
6.732
7.895
6.631
7.206
6.436
7.330
7.036
7.691
6.785
7.898
7.223
7.173
6.665
7.104
7.515
8.006
7.105
6.871
8.558
10.350
10.102
9.097
7.020
7.221
6.608
7.069
6.869
7.561
7.236
6.446
7.210
6.605
7.048
6.515
7.316
8.052
6.746
7.011
6.693
7.392
7.116
7.283
7.380
6.636
7.644
6.570
8.359
7.499
8.891
6.861
6.986
6.312
6.443
6.214
6.798
8.897
7.034
8.535
7.332
7.573
7.821
7.328
7.561
6.754
6.933
7.078
8.880
7.454
6.982
7.924
7.373
8.002
6.594
7.785
9.188
8.573
6.327
6.809
6.277
6.694
6.992
6.949
6.816
7.373
7.604
6.471
6.950
6.982
6.709
6.912
8.076
6.660
7.243
7.591
7.418
8.944
8.656
8.103
7.784
7.603
8.126
8.645
7.987
6.484
6.532
7.928
6.701
9.346
6.580
6.943
7.092
6.951
6.808
6.820
8.002
6.952
7.027
6.962
6.935
7.420
6.792
7.557
7.611
8.076
6.615
7.136
6.617
6.613
6.280
8.099
6.688
6.892
7.313
6.857
7.022
6.922
7.057
7.723
6.564
6.677
7.250
7.099
7.177
7.701
6.492
6.827
6.814
7.089
6.893
7.030
7.388
7.203
8.259
6.829
6.564
7.222
8.012
6.830
10.290
6.853
8.062
7.913
6.319
6.863
8.791
7.348
7.154
6.946
7.333
6.955
8.350
7.032
7.254
8.486
7.139
6.422
6.659
7.610
6.761
7.404
6.570
8.838
7.111
6.496
6.681
6.815
7.468
6.780
7.401
7.306
8.020
7.030
7.343
7.149
6.927
6.609
6.403
6.589
7.385
6.567
6.465
7.209
7.208
6.709
9.997
8.784
7.017
6.641
6.702
7.924
6.639
8.470
7.133
6.480
6.584
7.240
6.744
7.286
8.568
6.541
6.904
7.350
6.653
6.824
7.920
7.330
6.951
6.763
7.229
7.662
7.884
7.083
7.001
11.960
8.917
7.203
6.233
6.704
6.830
6.787
7.129
7.347
7.153
6.968
7.021
7.021
6.641
6.876
7.812
8.643
7.176
6.724
6.786
7.260
7.265
6.946
7.269
6.373
8.712
6.995
7.609
7.424
7.080
6.278
6.566
6.822
7.064
7.069
9.270
6.598
6.644
6.860
6.712
6.981
7.528
6.929
7.392
7.446
6.582
7.539
7.396
6.481
6.955
7.457
6.869
7.360
8.681
6.517
6.573
6.829
6.850
6.299
8.694
6.527
7.105
6.686
8.218
7.240
6.504
7.083
7.025
7.036
6.819
6.969
6.757
6.848
7.056
6.688
6.711
6.878
7.074
7.184
7.727
6.999
6.657
7.336
6.958
7.722
6.264
6.525
6.677
6.614
6.655
6.194
6.764
6.234
6.814
7.985
6.910
7.700
6.390
6.867
6.956
8.155
6.914
7.529
7.112
7.099
7.304
7.608
7.357
6.887
6.808
8.636
7.213
7.404
7.370
7.673
7.464
7.373
7.244
8.707
6.774
7.276
6.257
6.567
6.375
7.140
8.120
8.785
7.574
6.786
6.899
7.360
7.013
7.144
8.103
7.911
6.760
8.098
6.735
8.718
6.792
6.892
6.380
6.611
9.029
8.421
7.266
6.150
6.688
6.154
8.113
6.491
6.938
7.188
7.431
7.018
7.590
6.417
6.790
6.961
7.227
6.814
7.247
6.128
7.266
8.147
7.340
6.874
7.191
7.128
7.342
6.760
7.649
7.357
7.496
8.730
7.174
6.584
6.966
7.579
7.786
8.926
6.591
7.071
7.060
7.240
7.426
6.339
7.089
6.340
6.868
6.960
7.389
7.401
7.278
7.426
6.952
8.497
6.737
7.707
7.126
7.150
8.383
6.445
7.102
6.853
7.343
7.061
6.679
7.891
8.460
6.755
6.839
7.212
6.927
6.968
7.869
6.574
7.194
7.361
7.734
7.218
6.800
8.699
8.941
6.825
6.562
6.654
11.166
7.811
6.710
7.074
6.474
6.918
7.972
6.190
7.409
8.586
6.719
7.122
6.964
6.665
7.219
6.757
6.737
8.088
8.616
6.468
8.064
7.433
7.744
6.524
8.967
6.954
6.892
6.329
6.192
8.052
8.049
6.958
7.456
7.694
8.489
8.375
7.915
6.510
6.810
7.011
8.628
6.490
6.838
6.508
7.172
6.893
7.005
7.343
8.456
8.166
7.149
7.176
7.777
6.318
6.977
8.135
6.853
6.605
6.906
6.570
6.357
6.470
6.865
7.665
6.904
7.611
8.381
6.906
6.374
6.705
7.319
6.982
9.161
6.353
7.272
8.273
6.544
7.285
7.250
7.539
7.296
6.581
7.052
6.965
7.127
6.942
7.562
6.396
7.631
7.291
7.743
6.675
7.386
6.722
6.974
7.487
9.348
8.397
7.609
7.550
6.875
6.706
6.699
8.464
8.677
6.781
8.366
7.704
6.811
7.930
7.464
6.817
6.909
8.296
7.383
6.661
7.249
7.048
7.013
7.653
7.820
8.115
8.562
6.540
6.474
7.792
7.178
7.451
7.329
8.542
8.374
7.302
7.432
8.972
6.933
7.541
7.664
6.804
12.361
7.392
7.362
7.238
7.572
6.857
7.498
8.034
7.349
7.060
7.035
6.699
7.060
6.456
6.585
8.861
8.094
7.707
10.120
8.518
7.114
6.988
7.886
10.670
7.420
8.434
8.049
7.388
7.332
7.220
6.783
8.403
7.478
8.635
6.293
6.536
6.880
7.012
7.133
7.198
7.351
7.989
8.672
6.674
7.319
6.914
8.417
6.789
7.518
9.050
7.291
6.288
7.484
7.920
6.528
6.810
6.900
7.245
6.574
6.326
7.146
7.087
7.705
6.983
7.946
6.513
6.789
7.350
6.736
8.570
9.407
7.003
6.858
6.401
6.912
8.614
7.321
8.974
6.594
6.905
6.629
7.627
9.889
6.336
6.507
7.262
6.889
6.950
7.497
7.195
7.060
7.242
8.297
6.507
7.000
6.746
7.068
6.887
7.146
6.573
6.751
6.862
6.920
7.607
6.654
7.068
6.667
6.958
7.211
7.064
6.795
7.097
6.909
6.987
8.779
6.954
8.446
8.222
7.519
7.345
7.646
8.502
6.272
6.402
7.230
6.667
6.780
6.450
7.350
7.040
6.624
8.626
7.099
7.273
6.577
6.829
7.065
6.991
7.011
7.760
7.372
6.741
7.081
6.605
7.056
6.876
7.495
6.681
6.529
7.472
7.389
7.146
6.851
6.978
7.151
7.116
6.969
7.059
7.762
6.698
6.860
6.843
6.750
6.455
6.827
6.899
7.296
7.270
6.788
7.048
7.043
6.934
6.423
7.073
6.892
7.021
6.740
7.618
6.926
6.611
6.976
6.716
7.117
7.971
6.577
6.755
7.645
6.769
6.987
6.945
7.112
7.077
7.208
7.477
6.755
7.578
6.488
7.038
7.303
7.226
7.263
7.472
7.000
6.742
6.621
7.006
7.181
7.546
7.008
6.373
6.955
7.137
7.190
7.018
7.186
8.032
6.834
7.562
6.986
7.058
6.527
6.742
7.095
7.132
6.794
7.638
7.459
7.253
7.049
6.817
7.413
8.354
7.224
7.382
7.083
6.935
6.937
7.264
6.565
6.692
6.871
6.925
6.981
7.413
6.267
6.707
6.800
7.318
6.992
7.297
6.685
7.084
7.088
6.949
6.943
7.433
6.323
7.168
6.773
7.073
7.180
8.165
6.443
7.100
7.028
7.356
7.011
7.127
7.205
6.717
6.868
7.114
7.209
7.082
6.342
6.861
6.921
6.987
7.120
7.163
6.489
6.953
6.757
7.824
6.586
6.741
6.876
6.978
8.023
7.520
6.596
6.776
7.521
6.590
6.784
6.981
7.293
6.894
7.448
6.608
6.916
7.062
7.055
7.172
6.697
6.870
8.100
6.693
6.890
6.714
7.513
6.471
6.749
6.987
6.537
6.823
7.914
8.251
7.210
6.998
6.784
6.843
7.379
7.148
6.600
7.700
7.851
7.095
6.728
6.772
6.981
6.738
7.095
7.069
7.173
6.452
6.661
6.645
6.864
6.885
7.380
6.418
6.913
7.017
7.170
7.340
7.234
6.766
7.026
7.053
6.881
7.085
8.346
6.361
7.228
6.693
7.280
7.107
6.946
6.384
6.395
6.768
6.891
9.600
6.949
7.082
7.238
6.480
7.010
7.130
6.584
7.796
6.575
6.962
6.848
7.174
7.724
7.374
6.519
6.865
6.842
6.839
6.654
7.737
6.941
6.739
7.051
7.019
7.266
6.912
6.988
7.457
6.952
7.434
6.725
7.093
6.109
6.787
6.917
6.637
7.056
7.765
6.479
7.014
6.999
7.123
6.817
6.808
6.807
6.874
6.876
6.925
6.810
6.885
7.652
6.974
7.278
6.450
6.952
6.941
7.358
6.368
7.666
6.888
7.000
6.782
9.170
6.977
7.177
6.625
7.046
6.846
6.563
6.917
7.234
6.499
6.826
6.862
6.852
7.468
7.109
6.993
6.889
6.926
7.539
6.552
6.781
6.831
6.799
6.511
7.645
6.409
6.580
6.812
6.487
6.928
7.515
6.661
6.873
6.527
6.847
6.944
6.955
7.441
6.430
6.794
7.552
6.930
7.137
6.824
6.837
6.879
6.820
6.777
7.000
7.812
6.353
6.809
7.283
6.912
6.359
6.953
6.778
7.186
7.152
6.725
6.809
7.487
6.558
6.568
6.976
7.193
6.991
7.250
6.564
6.855
7.003
6.800
6.743
6.915
6.405
6.659
6.869
7.103
7.161
7.721
7.400
7.046
6.964
6.843
6.961
6.670
7.453
6.504
6.557
7.549
7.447
6.974
8.250
6.833
7.151
8.027
6.931
7.331
7.485
6.646
7.002
6.871
6.806
6.797
7.185
6.620
7.053
6.711
7.248
7.011
7.678
6.898
6.460
6.826
6.652
7.035
6.947
7.811
6.937
6.838
6.618
6.878
6.777
7.590
7.318
6.954
6.862
7.179
6.933
6.942
7.026
6.999
6.868
7.017
6.984
7.542
6.474
6.685
7.482
7.042
6.623
7.114
6.294
7.120
6.941
6.882
6.830
6.902
7.129
6.784
7.081
7.066
6.909
7.481
6.581
7.144
6.953
6.978
6.807
7.915
6.308
6.913
6.997
6.978
6.861
8.018
7.082
7.180
6.947
6.865
7.172
7.038
6.341
6.715
7.024
6.817
7.032
7.237
7.060
7.100
6.971
6.880
6.860
6.940
6.828
7.017
6.893
6.729
6.961
7.558
6.763
6.983
6.879
7.253
6.759
7.950
6.651
6.855
6.955
7.187
6.812
8.128
7.082
7.725
7.131
7.132
7.276
8.358
7.337
6.584
7.187
7.898
6.681
6.997
7.054
6.859
7.236
6.988
6.640
6.743
6.625
6.796
6.836
6.816
6.921
7.968
6.693
8.006
6.861
6.942
6.768
7.386
6.553
7.494
7.090
7.747
6.974
8.917
7.013
6.711
7.326
6.866
7.553
7.616
6.755
7.005
6.813
7.581
7.448
6.827
7.051
6.891
6.815
7.258
6.856
7.400
6.372
7.056
6.989
6.706
6.953
8.442
6.857
6.709
7.267
6.918
6.776
7.158
7.117
7.217
6.924
7.238
6.929
7.175
6.488
7.454
7.662
9.120
6.958
6.662
6.978
8.227
6.784
6.906
6.526
6.828
6.754
7.314
6.587
6.980
6.946
6.406
6.971
6.657
7.111
6.518
6.973
7.547
7.020
6.694
6.967
7.110
6.826
6.585
6.415
6.631
7.033
7.389
7.220
7.552
6.636
6.701
6.761
6.749
6.740
7.984
6.661
6.982
7.440
6.863
7.013
7.079
7.148
6.886
6.960
6.941
7.368
7.455
6.842
6.787
9.304
7.442
7.228
7.991
6.652
6.929
7.409
6.961
7.010
7.408
6.569
6.424
7.222
6.984
6.893
8.170
6.348
6.827
6.918
7.072
7.716
9.235
7.188
7.098
7.080
6.788
7.035
7.603
6.724
6.557
7.030
6.945
7.036
7.837
6.586
6.812
7.014
7.053
6.842
7.471
7.267
6.517
7.206
6.698
6.577
7.126
6.899
6.809
6.922
6.574
6.651
6.735
6.240
7.215
7.032
7.162
6.095
6.699
6.387
6.805
7.142
7.336
6.455
6.869
7.094
7.101
7.238
6.847
7.940
6.644
7.214
6.862
6.908
6.979
7.117
7.215
7.236
6.953
6.784
6.773
7.675
7.029
7.088
6.600
8.360
6.876
7.479
6.334
7.076
6.792
7.014
7.002
7.109
6.721
6.996
6.716
7.267
7.027
6.925
7.580
6.971
6.678
6.806
7.103
6.975
7.630
7.041
6.426
6.655
7.053
7.090
7.266
6.837
7.280
6.820
7.081
7.355
7.397
6.391
7.065
7.976
6.796
7.033
7.200
7.097
6.673
6.725
7.281
6.980
7.311
7.488
6.969
6.888
7.091
7.556
7.353
8.117
6.527
7.521
7.341
6.970
7.353
7.247
6.741
7.076
6.884
7.284
6.860
6.933
6.468
6.651
7.439
6.921
7.426
7.431
6.720
7.438
6.812
6.547
6.827
7.680
6.259
7.075
7.243
6.589
7.010
6.914
7.261
6.873
6.730
6.965
6.903
7.474
6.276
6.761
6.978
6.824
8.043
7.158
6.346
6.811
7.094
6.886
6.942
7.352
6.990
7.184
7.108
6.919
6.853
7.236
6.622
6.905
6.889
6.808
7.083
7.189
6.319
6.814
6.930
6.796
6.856
7.103
6.842
6.452
6.875
7.116
6.794
6.980
7.507
7.079
6.763
6.832
9.166
6.807
7.301
6.294
6.972
6.730
7.105
6.664
7.445
6.680
6.997
6.939
7.208
6.709
7.003
6.539
6.648
6.700
6.959
7.324
7.002
7.711
7.010
6.908
6.847
7.117
7.018
7.653
6.979
6.677
6.936
7.054
7.010
7.399
7.347
6.719
10.014
7.064
7.674
7.534
7.165
7.196
6.951
7.354
7.247
7.432
6.491
6.957
7.459
7.652
8.094
8.198
6.508
6.913
6.860
6.742
6.982
7.142
6.464
7.033
6.942
6.966
7.189
8.156
6.608
6.996
7.013
7.001
7.199
7.026
6.732
6.949
6.933
6.935
6.509
6.964
6.764
7.165
7.455
7.458
7.830
8.637
6.595
6.915
6.846
7.220
7.338
7.322
6.968
6.933
6.912
7.395
7.117
7.149
6.768
7.269
6.516
6.935
6.571
7.449
6.845
7.406
6.796
6.521
7.191
7.491
7.052
6.959
7.736
6.854
7.054
7.242
6.563
6.817
7.096
6.946
6.816
8.001
6.933
7.018
6.683
6.757
6.609
7.838
6.500
6.478
6.970
7.575
7.192
7.842
6.493
6.736
6.692
6.943
6.899
6.938
6.868
6.462
6.853
6.922
7.056
7.212
6.846
7.065
6.974
6.845
6.831
7.042
6.754
6.773
6.876
6.974
6.835
6.514
6.912
7.051
7.384
6.823
7.086
7.499
6.510
7.410
7.533
6.768
7.026
8.599
6.241
6.690
7.022
7.074
6.933
7.010
6.798
6.866
6.713
7.206
6.850
7.404
6.827
7.000
6.782
7.320
7.209
6.612
7.305
7.149
7.147
6.901
7.371
7.379
6.555
6.755
7.047
7.381
6.836
7.765
6.956
6.796
7.386
7.288
8.481
8.190
7.474
6.747
6.781
7.117
7.045
7.456
6.484
6.715
6.784
7.009
6.822
7.762
6.242
6.745
6.646
7.178
6.827
6.737
7.441
6.696
6.465
6.883
7.143
7.142
7.452
6.434
6.964
7.115
6.827
7.104
6.936
6.967
7.037
7.226
7.018
7.044
7.531
7.379
6.958
7.088
6.971
7.182
7.886
6.493
6.750
6.943
7.100
6.933
7.741
6.538
6.945
6.900
6.955
7.297
6.887
7.022
6.904
7.090
7.069
7.065
7.235
6.662
6.680
6.615
7.735
6.989
7.181
6.773
6.731
6.981
7.141
7.014
7.033
7.694
6.422
7.513
6.735
6.937
6.966
7.496
6.493
6.979
7.086
7.100
7.000
7.435
7.464
7.525
7.145
6.986
7.022
7.664
6.523
6.827
7.054
7.148
6.982
7.447
6.509
6.946
7.059
6.966
7.058
7.698
7.784
7.569
7.456
7.092
6.953
7.483
6.529
7.072
6.945
6.971
7.234
7.754
6.712
7.016
6.989
7.035
7.006
7.365
6.737
6.648
7.012
7.352
7.043
7.604
6.939
6.942
6.918
7.011
7.243
7.101
7.150
7.067
7.039
7.211
9.642
7.960
7.113
9.306
6.986
7.207
6.964
6.822
7.226
7.070
7.001
7.107
7.369
7.097
6.599
7.234
6.847
6.926
7.080
7.865
6.839
6.997
7.038
6.925
7.147
7.107
6.315
6.881
6.680
7.552
7.308
7.803
7.069
6.958
6.808
6.729
6.920
7.872
6.851
6.762
6.627
6.941
6.764
7.233
6.309
6.804
7.031
6.919
6.944
7.117
6.157
6.414
6.934
6.903
6.838
7.261
7.581
6.769
6.829
6.888
6.680
6.898
7.809
6.701
7.243
7.146
7.033
6.828
6.891
6.780
7.283
7.429
6.637
7.151
7.530
6.540
6.890
6.795
6.927
6.741
7.278
6.615
6.972
7.111
7.050
7.066
7.701
6.394
7.142
6.981
7.869
6.870
6.879
6.528
7.094
7.820
8.195
6.707
7.557
6.793
6.621
7.507
7.410
8.020
6.718
6.457
6.623
7.140
7.341
8.046
6.709
8.030
7.313
6.769
7.681
7.371
9.812
7.606
6.892
7.884
6.906
6.885
6.877
7.835
7.013
6.968
6.943
7.388
7.983
6.612
7.083
7.843
7.246
7.630
7.292
7.153
6.580
7.362
6.855
6.820
7.086
7.847
6.624
7.351
7.198
8.211
6.847
7.386
6.375
7.009
6.775
7.847
7.878
8.282
6.502
6.381
7.091
7.838
6.466
6.941
6.767
7.739
7.124
6.413
6.576
7.165
6.620
6.865
7.298
6.893
7.133
7.242
7.218
7.728
6.970
6.967
6.747
8.305
6.394
6.760
7.272
7.707
7.012
6.853
8.675
7.050
6.990
6.848
6.857
6.924
7.627
6.487
6.567
7.270
6.491
7.043
6.856
6.664
7.619
6.656
6.947
6.951
6.929
6.720
6.557
7.045
6.940
6.902
7.001
6.978
7.060
6.988
6.506
7.112
7.231
7.013
6.928
6.623
6.888
7.132
6.674
6.788
6.994
6.843
6.738
6.958
6.760
7.086
6.970
6.627
7.009
6.574
7.238
7.146
7.042
6.720
7.013
7.110
7.064
7.001
6.876
6.875
6.987
7.776
7.412
6.949
7.004
7.276
7.254
7.538
8.044
6.311
7.277
6.985
6.888
7.539
8.405
7.294
7.397
7.181
6.983
7.638
9.077
7.506
7.547
6.989
6.791
7.287
7.061
6.387
6.841
7.252
6.984
6.826
7.664
7.060
7.973
6.878
7.118
6.782
7.033
7.042
7.147
7.423
6.513
7.187
7.814
7.184
7.609
7.194
7.316
6.820
7.571
7.264
6.564
7.559
6.933
7.462
7.748
7.041
7.317
6.793
6.739
6.907
8.402
6.854
7.463
7.526
7.580
7.216
7.810
6.677
7.588
9.038
7.051
7.510
8.534
7.001
7.749
7.181
7.439
8.350
7.196
7.199
7.562
7.154
8.015
7.832
7.269
7.460
8.358
7.911
7.331
7.851
7.487
7.726
7.521
7.159
7.079
8.127
7.591
7.552
7.687
7.016
7.349
7.865
7.171
7.623
7.486
7.850
7.543
9.023
7.442
7.721
7.982
7.793
8.848
7.790
7.156
6.981
7.317
7.810
7.522
8.137
6.930
7.374
7.228
7.827
9.063
7.947
7.431
7.403
7.823
7.404
7.401
7.475
7.559
7.763
7.310
7.664
7.448
7.422
7.585
7.304
7.741
7.797
6.752
7.380
7.417
6.976
6.700
6.587
7.055
6.954
6.530
7.863
6.499
7.559
6.332
6.818
6.733
6.665
6.901
7.329
6.386
6.834
6.648
7.447
6.884
6.796
6.861
6.876
7.101
7.290
7.131
6.997
7.527
6.403
6.690
7.126
7.203
7.033
8.033
6.371
6.946
6.801
7.085
6.684
7.325
6.692
7.033
7.089
7.155
6.848
6.898
7.049
7.315
6.963
6.704
6.696
7.406
7.495
7.296
7.033
6.976
6.962
7.459
6.676
6.650
7.044
6.775
6.866
7.729
6.519
7.203
7.002
6.734
6.950
6.947
7.096
6.918
6.995
6.771
7.180
7.861
6.586
6.922
6.944
6.786
6.740
7.764
6.661
6.999
6.849
7.325
6.809
7.276
6.478
7.066
6.736
7.145
7.185
6.629
7.292
6.949
6.444
6.837
7.074
7.454
6.446
7.008
7.053
7.029
6.729
7.430
6.582
6.821
7.008
6.692
6.737
7.037
6.900
6.954
6.843
6.763
6.887
6.930
6.870
7.156
6.736
6.982
6.775
6.877
7.010
7.493
6.755
6.813
6.735
6.995
7.131
6.765
6.879
6.865
6.760
6.909
6.802
6.952
6.752
6.803
6.766
7.933
7.119
6.775
6.544
6.604
6.930
6.856
7.440
6.974
6.839
6.774
6.765
7.075
7.072
6.828
7.140
6.910
6.884
6.719
6.960
6.888
6.638
6.919
6.805
6.806
7.113
6.967
7.344
6.785
6.942
6.878
6.958
7.140
6.727
6.881
6.787
6.927
6.799
7.007
6.890
6.747
6.806
6.889
6.733
6.962
6.796
7.342
6.749
6.565
7.660
6.945
6.752
6.595
6.910
7.778
6.281
7.119
7.257
6.787
6.780
7.189
6.845
6.895
6.723
6.962
6.689
6.814
6.992
6.931
6.594
6.949
6.961
7.104
7.082
7.144
7.005
6.892
6.655
6.988
7.047
7.170
6.989
6.749
6.931
6.898
7.176
6.884
7.244
7.013
6.899
7.094
7.414
7.348
6.700
7.042
6.912
7.080
6.424
7.066
6.930
7.070
6.873
7.905
6.601
6.759
6.911
6.851
7.142
7.074
7.005
7.040
7.696
7.721
7.772
7.972
6.536
6.893
7.407
6.617
7.104
7.091
6.170
6.899
7.722
6.743
6.772
6.793
6.675
6.865
7.305
6.928
6.885
6.887
7.703
6.878
6.997
6.963
6.902
6.789
7.639
6.629
6.742
6.892
6.926
6.808
7.045
6.713
7.186
7.197
6.895
6.964
7.391
6.802
7.511
6.976
6.771
6.823
6.823
6.996
6.798
7.126
6.939
7.090
6.521
6.832
6.942
6.755
6.830
6.812
6.975
6.816
7.111
6.921
6.946
6.796
7.168
6.761
6.933
6.674
6.790
6.790
7.984
6.850
6.878
6.518
6.662
6.823
7.216
6.501
7.023
6.725
7.052
6.443
6.894
6.818
6.640
6.878
6.814
6.951
6.864
7.355
6.515
6.775
7.048
6.961
7.024
7.047
6.763
6.687
6.809
6.772
6.717
6.925
7.747
6.793
6.604
6.791
6.638
6.783
7.496
6.565
7.566
7.015
6.696
7.133
6.737
7.515
6.981
6.635
6.859
7.078
6.644
7.209
6.605
7.067
6.729
6.826
7.219
6.943
7.470
6.948
6.952
6.810
6.835
6.922
7.542
6.285
6.754
6.861
6.962
6.721
7.307
6.481
6.764
6.829
6.811
6.856
6.972
6.790
6.818
6.761
6.775
6.802
6.984
6.694
7.322
8.012
6.522
6.856
7.355
6.299
7.505
6.854
7.007
6.939
7.894
6.532
6.290
6.811
6.837
7.013
7.098
6.726
9.315
7.494
6.793
6.986
7.671
6.952
6.951
6.891
6.750
6.853
7.842
6.980
6.877
7.053
6.934
6.986
7.420
6.511
6.753
6.812
6.773
6.718
6.951
6.840
6.898
7.111
7.007
7.212
6.910
7.723
6.707
6.691
6.895
7.307
6.739
7.038
6.281
7.073
6.701
7.085
6.855
7.172
6.344
6.965
6.989
7.312
6.695
7.289
6.714
6.995
7.134
6.778
6.962
6.756
6.727
6.941
6.814
6.782
7.221
7.015
6.985
6.778
7.019
6.927
6.997
6.536
6.886
6.834
7.067
7.117
6.825
6.917
6.870
7.244
6.930
6.790
6.514
6.635
7.151
6.877
7.151
6.827
6.696
6.795
6.682
6.949
6.828
6.726
6.824
6.919
7.055
6.872
6.730
6.967
6.912
7.049
6.699
7.027
7.004
6.918
6.923
7.148
6.945
9.090
6.972
6.801
6.929
7.298
6.472
6.646
7.016
6.841
6.750
7.173
6.214
6.981
6.757
7.105
7.283
7.251
6.640
6.867
7.018
7.034
6.932
6.927
7.129
6.740
7.025
7.090
6.821
6.951
6.877
7.198
7.392
6.803
6.914
7.478
6.422
7.014
6.950
6.928
6.832
7.486
8.696
6.754
6.642
6.883
6.884
7.393
6.968
8.187
6.594
6.980
6.685
7.387
7.790
6.800
6.876
6.881
6.817
7.036
6.306
7.110
7.094
6.746
6.867
7.134
7.004
6.756
6.794
7.182
6.711
6.987
7.062
6.789
6.880
6.837
6.814
8.966
6.703
7.119
6.762
6.869
7.034
6.741
8.448
6.725
6.737
6.879
7.062
7.596
6.575
7.128
6.994
6.818
7.214
7.715
6.479
6.715
7.265
7.671
7.062
7.016
7.009
6.603
6.824
6.754
7.078
6.753
7.448
6.926
6.659
6.983
6.918
7.899
6.639
6.731
6.900
6.806
7.103
6.848
6.836
6.924
6.978
7.039
6.911
7.145
6.805
6.861
6.813
6.762
6.810
6.896
7.018
6.866
7.141
7.062
6.953
7.046
6.559
7.301
7.016
6.656
6.950
7.048
6.703
6.752
6.497
7.163
6.736
7.098
6.753
6.931
7.154
6.836
6.991
7.469
6.399
6.718
6.909
6.958
6.755
7.151
6.412
6.585
7.163
6.739
7.216
6.721
7.440
6.987
6.493
6.956
7.047
7.684
7.194
6.291
7.106
7.374
7.022
6.974
7.018
6.820
6.816
6.726
7.159
7.680
9.084
7.135
6.842
6.806
6.717
7.036
7.932
6.613
6.973
7.481
7.025
6.720
7.483
6.745
7.067
6.836
6.761
6.932
6.494
7.165
6.839
6.774
6.765
6.865
7.187
6.738
6.847
6.841
6.958
6.829
7.182
7.059
7.179
7.000
6.876
7.521
8.954
6.764
6.815
6.871
6.466
6.923
6.964
7.103
6.844
6.789
7.218
6.979
7.659
6.384
6.857
6.591
6.961
6.920
7.536
6.787
6.723
7.256
6.767
7.287
6.910
6.763
6.179
6.854
6.493
6.841
7.150
7.842
6.614
6.665
6.948
6.943
6.863
7.338
6.285
6.783
6.713
6.979
7.171
6.827
6.690
6.443
6.896
6.740
6.693
7.143
7.611
6.472
7.537
6.833
7.015
7.050
7.567
6.223
6.947
7.078
6.731
7.035
6.869
6.937
6.860
7.125
6.804
6.485
7.018
7.383
6.947
7.778
6.752
6.816
7.202
6.358
6.894
6.931
7.153
7.225
7.496
6.202
7.064
7.050
6.809
7.236
6.936
6.753
6.579
6.841
7.010
7.185
7.013
6.930
7.024
7.078
7.176
7.156
7.438
6.469
6.933
6.876
7.412
6.785
6.939
6.936
6.764
6.797
6.984
6.829
7.182
6.802
6.998
6.849
6.694
6.868
7.308
6.496
7.667
7.346
6.718
7.050
7.135
6.262
6.810
6.799
7.105
6.878
8.579
6.707
7.651
6.847
6.860
6.699
6.868
6.940
7.075
6.909
7.016
6.913
6.890
6.895
6.815
7.011
6.783
6.781
6.722
6.875
7.177
6.810
7.193
7.707
6.743
6.509
6.902
6.928
6.892
6.936
6.780
6.557
6.449
6.946
7.458
6.401
7.488
6.613
6.858
6.760
6.935
6.618
6.980
6.993
6.986
7.016
6.825
7.024
7.174
6.728
6.801
6.672
6.705
6.704
6.892
7.216
7.055
6.901
7.230
6.712
7.128
6.507
6.714
6.579
6.804
6.809
8.458
6.699
7.105
6.791
7.140
6.988
6.811
7.539
6.401
6.729
7.174
6.899
6.933
7.353
6.336
6.772
6.848
7.184
7.098
6.865
6.471
6.502
6.635
7.042
7.015
7.015
7.911
6.556
6.799
6.960
7.994
7.634
7.910
6.382
6.792
7.073
6.776
6.822
7.873
6.840
6.735
6.747
7.330
6.675
8.093
7.149
7.431
10.259
6.948
6.663
7.781
6.795
6.882
6.956
7.106
6.800
7.498
6.398
6.958
6.760
7.249
6.679
6.997
7.155
7.089
7.033
7.280
7.056
7.902
6.519
7.417
6.722
6.961
6.822
7.505
6.307
6.734
7.011
7.004
6.960
7.441
6.469
7.492
6.778
6.791
6.713
7.400
6.383
7.439
7.479
6.933
7.029
7.213
6.445
6.795
6.912
6.775
6.798
6.489
6.826
6.514
7.069
6.813
6.669
6.883
7.553
6.518
6.682
7.153
6.874
6.918
7.302
7.004
7.081
6.748
7.149
7.034
7.489
6.656
6.918
7.010
6.925
8.056
6.431
7.583
6.983
6.923
6.607
6.931
7.036
7.095
6.991
6.781
7.129
6.832
7.316
6.819
7.473
6.578
7.172
7.037
7.008
7.196
7.010
7.298
6.843
7.082
7.212
6.622
7.175
6.807
6.895
7.018
6.631
6.957
6.954
6.680
6.913
7.161
7.027
6.666
6.976
6.730
6.985
7.676
7.585
6.941
6.581
6.890
6.802
6.966
6.881
7.822
6.779
6.758
6.813
6.813
7.607
7.268
6.419
7.098
7.000
6.903
6.717
6.823
6.955
6.760
6.647
8.476
7.030
7.220
6.560
6.982
6.958
6.973
7.028
7.759
6.583
6.877
7.080
7.146
7.056
7.095
7.060
7.006
6.913
7.785
7.099
7.597
6.533
6.822
7.604
6.968
6.974
7.404
6.684
6.920
7.175
7.059
6.986
7.037
7.071
7.376
6.694
6.896
7.032
7.240
6.615
6.850
6.880
6.913
6.953
7.817
6.595
6.950
6.768
6.923
6.999
6.904
7.811
6.933
6.917
6.899
6.994
7.212
6.642
6.718
7.011
6.734
6.506
7.396
6.470
6.744
6.874
6.872
7.153
6.887
6.670
6.799
7.138
7.047
6.875
6.666
6.743
6.811
6.715
6.582
6.896
6.995
7.004
6.756
6.617
6.852
7.081
6.802
6.874
6.782
6.889
7.211
6.940
7.503
6.414
6.667
6.956
6.932
6.956
7.733
6.315
6.947
6.972
7.340
6.845
7.227
6.994
6.777
7.222
6.733
6.810
6.919
7.714
7.042
7.127
6.664
7.000
6.732
7.344
6.979
7.111
6.950
7.091
7.245
6.487
6.795
6.944
6.730
7.015
7.577
6.474
6.904
7.003
6.927
7.069
7.070
6.780
6.977
6.895
7.032
7.001
6.889
7.151
7.060
7.105
6.939
6.941
7.274
6.213
6.750
7.050
7.075
7.027
7.540
6.824
6.841
6.953
6.941
7.275
7.051
6.972
6.971
6.710
7.127
6.979
7.323
6.387
6.657
7.011
7.054
7.047
7.467
6.683
7.221
7.033
6.968
7.078
7.059
6.724
6.743
7.056
6.956
7.232
7.174
7.365
6.689
8.026
7.445
7.071
6.868
7.596
6.697
7.391
7.573
7.020
6.613
7.143
6.617
6.697
6.133
6.859
7.102
6.936
6.634
7.004
8.560
6.084
6.819
8.106
8.397
6.544
6.685
7.015
7.086
7.067
7.313
6.102
6.928
6.976
6.652
6.946
6.997
6.470
7.198
7.128
7.172
7.151
6.955
7.517
6.991
6.734
7.414
6.965
7.206
7.724
6.487
7.030
6.886
7.122
6.941
7.275
7.031
7.481
7.217
6.888
6.976
7.281
6.426
6.886
6.821
6.967
6.926
7.756
6.748
7.067
6.897
6.971
7.012
7.856
6.968
7.074
6.982
6.987
7.099
7.293
6.318
7.565
7.003
7.948
7.059
7.119
6.913
6.949
7.091
6.546
7.176
6.792
6.864
7.188
7.079
6.997
7.018
7.556
6.926
6.951
7.043
6.736
7.025
7.460
6.322
6.904
6.894
6.862
6.904
7.103
7.471
7.418
7.157
6.965
7.011
8.513
6.581
6.960
6.978
7.079
6.884
7.346
6.409
6.705
6.985
6.622
6.943
7.148
6.375
6.312
7.023
7.037
7.037
7.317
6.476
6.984
6.931
7.012
7.122
7.043
7.685
6.806
7.567
6.695
7.003
7.223
7.695
6.618
6.853
7.017
7.272
6.677
7.044
6.831
7.047
7.089
7.169
7.183
7.213
6.473
9.669
6.948
7.135
6.963
8.429
6.764
6.672
6.953
7.021
6.912
7.442
6.378
6.482
6.965
6.719
7.042
7.132
7.196
6.958
7.357
6.834
6.961
7.539
6.492
7.227
7.056
6.837
7.145
7.323
6.385
7.549
6.990
6.982
6.939
7.236
7.150
7.405
6.684
7.033
7.008
7.167
6.736
6.395
6.960
6.990
7.025
7.344
6.372
7.002
6.590
6.829
6.980
6.804
6.767
6.946
7.085
6.779
6.796
6.648
6.618
6.869
6.957
6.971
6.943
7.767
6.640
7.009
6.872
6.958
7.106
7.473
6.554
6.906
6.669
7.123
7.479
7.078
7.031
6.784
7.158
6.993
6.962
7.750
6.402
6.587
6.935
6.926
6.977
7.356
6.578
6.652
7.673
6.727
6.957
6.992
6.732
7.161
7.171
6.962
6.997
7.552
6.671
6.943
6.820
6.864
6.937
7.360
6.469
7.103
6.882
7.146
6.716
6.957
7.092
7.108
7.212
6.891
7.200
7.207
6.409
6.389
6.961
7.238
6.994
7.602
6.660
7.084
7.039
7.018
6.844
7.019
6.443
6.975
6.566
6.764
6.980
7.141
7.797
7.692
6.777
6.902
6.838
7.564
6.221
7.163
6.942
6.757
6.695
7.766
6.273
6.993
6.679
6.963
7.120
7.196
7.043
7.337
6.929
7.179
6.864
7.475
6.345
6.937
6.960
6.788
6.997
7.753
6.618
6.969
6.831
7.380
7.006
7.021
6.851
6.965
6.979
6.940
7.517
7.573
6.509
7.391
6.747
6.951
6.997
7.715
6.767
6.633
7.101
6.935
7.170
7.092
7.021
7.287
6.741
6.850
6.967
7.204
6.636
6.477
6.703
7.006
6.994
7.028
6.828
8.472
7.133
6.902
7.056
7.324
6.563
6.671
6.688
7.023
6.995
7.224
7.513
6.628
6.928
6.929
7.244
6.776
7.729
6.444
6.965
7.123
7.165
7.078
6.802
6.954
6.592
7.018
7.311
6.924
7.647
6.717
6.730
6.937
6.982
7.035
7.665
6.340
6.980
7.733
6.928
6.853
7.207
7.792
6.982
7.098
6.789
6.931
7.558
6.650
6.902
7.031
6.519
6.948
7.590
6.566
6.740
7.192
7.671
7.086
7.858
7.053
6.767
6.974
6.850
6.704
6.924
6.969
6.881
6.921
8.866
6.718
7.352
6.290
6.954
6.948
6.967
6.903
7.649
6.602
6.695
6.857
6.962
6.902
7.152
7.527
6.924
6.711
7.029
7.639
7.021
7.389
6.086
7.008
6.740
7.281
7.015
6.955
6.957
6.589
6.689
6.996
6.894
6.955
7.835
6.830
7.913
6.793
7.062
6.780
7.437
6.568
6.862
6.803
6.779
7.014
6.813
7.028
6.999
6.871
7.214
6.934
6.633
7.586
6.730
7.155
6.977
6.756
7.271
6.275
7.107
6.993
7.121
6.742
7.602
6.534
6.888
7.169
6.851
6.852
6.935
6.780
6.912
7.087
7.015
6.921
6.990
7.773
6.959
6.789
7.673
6.944
6.685
7.523
6.820
6.635
7.015
7.276
7.151
7.133
6.885
6.952
6.803
7.036
6.791
6.954
7.025
7.175
7.094
7.099
6.959
7.077
7.125
7.054
6.541
6.856
7.058
6.671
6.936
7.557
7.088
7.047
6.963
6.783
6.820
7.013
6.981
7.086
6.685
6.988
7.149
7.401
7.135
6.788
6.966
7.394
6.572
6.655
6.928
6.864
6.775
7.201
6.457
6.759
6.911
6.631
6.773
6.931
7.614
7.062
6.999
6.998
6.918
7.086
7.219
6.334
7.553
6.627
6.897
6.990
7.173
6.465
6.873
6.796
6.888
6.936
7.258
6.698
6.936
6.732
7.439
6.659
6.545
6.896
6.597
6.963
7.669
6.897
6.657
6.614
6.663
7.000
7.083
7.740
7.278
6.682
6.826
8.236
7.031
7.127
7.524
6.296
6.618
7.064
7.226
6.924
7.784
6.451
7.596
6.727
6.915
6.921
7.117
6.919
7.254
7.456
7.104
6.960
7.263
6.324
6.825
7.228
6.795
6.775
7.327
6.704
7.027
6.878
6.807
6.878
6.770
6.569
6.714
6.747
6.706
6.884
6.759
7.475
6.600
6.835
6.994
7.205
7.214
6.979
6.600
7.116
6.772
6.894
6.655
6.794
6.854
7.596
7.296
7.357
7.040
7.157
6.379
6.880
6.925
6.899
6.998
7.639
6.505
6.638
6.673
6.895
6.927
6.761
6.788
8.278
7.244
7.033
6.926
7.023
7.115
6.484
7.067
6.971
6.795
6.795
7.225
7.051
6.826
7.328
6.967
6.930
7.057
6.821
6.961
6.914
6.970
6.709
6.591
7.062
7.105
6.842
6.784
6.794
7.287
6.667
7.089
6.848
6.946
6.673
7.073
6.728
6.979
6.826
7.252
6.731
7.151
7.029
6.903
6.998
6.552
7.752
7.587
7.065
6.711
6.853
6.987
6.959
7.185
6.724
7.129
6.774
6.643
6.527
6.933
6.985
6.577
7.464
6.728
7.060
6.913
6.711
6.959
6.807
7.087
6.772
6.986
6.979
6.830
6.787
6.943
6.678
7.029
6.680
6.923
7.184
7.047
6.627
6.771
6.730
6.965
6.944
6.835
7.088
6.926
6.966
6.968
6.991
6.991
7.012
7.089
6.772
7.192
6.977
6.806
6.873
6.799
7.168
6.899
6.768
6.849
7.119
6.814
7.362
6.973
6.876
6.518
7.183
6.916
7.001
6.850
6.948
6.856
6.977
6.819
6.315
6.667
6.868
6.902
8.671
7.435
6.395
7.015
7.115
6.884
7.105
7.442
7.250
6.880
6.560
6.783
7.317
6.755
6.774
6.940
7.082
6.784
6.550
6.942
6.685
6.867
6.627
7.227
6.751
6.721
7.002
6.800
7.156
7.095
7.150
7.459
6.803
6.714
7.085
6.458
6.437
6.382
7.962
6.367
7.599
7.372
6.823
6.919
7.976
6.580
6.745
6.968
6.949
7.036
6.914
6.911
7.309
6.783
6.684
6.959
7.013
8.689
6.718
6.873
6.928
6.621
6.967
7.882
6.659
6.711
6.940
7.006
6.609
7.631
6.433
6.964
7.022
6.590
6.937
6.668
7.693
6.889
6.737
7.001
6.980
7.092
6.970
6.423
6.763
6.900
6.591
6.911
8.277
6.363
6.614
6.991
6.839
7.051
6.684
7.630
6.540
6.804
6.726
6.903
7.658
7.533
6.174
6.521
6.474
7.000
7.131
7.252
6.609
6.836
6.698
6.795
7.024
6.619
7.000
6.910
6.780
7.254
6.849
7.427
6.568
6.965
6.976
6.884
7.596
7.273
6.593
6.744
6.924
7.026
6.833
6.902
7.798
6.444
6.945
7.539
7.217
6.781
7.360
6.393
6.762
6.982
7.440
6.985
7.029
7.607
6.504
6.936
6.978
6.951
6.925
8.812
6.421
6.731
6.892
7.161
6.756
7.775
6.355
6.895
6.544
6.925
7.013
6.821
7.558
6.796
7.124
6.785
6.821
7.240
7.426
6.264
6.977
6.872
6.788
6.973
6.720
6.498
6.908
6.986
6.706
6.756
6.532
8.399
6.351
7.153
6.740
6.651
6.823
7.659
6.451
6.765
7.251
6.908
7.056
6.973
7.590
6.830
6.743
6.950
6.631
6.967
8.161
6.547
6.858
6.986
7.022
6.768
7.440
6.501
7.059
6.898
6.868
6.895
7.510
7.451
6.981
6.829
6.862
7.028
6.729
8.215
6.616
6.975
6.634
6.918
6.832
7.254
6.550
6.967
6.981
6.886
6.760
6.933
7.541
7.111
6.934
6.676
7.223
6.673
7.228
6.591
7.169
6.815
6.786
6.752
7.735
6.678
6.915
6.957
6.954
6.664
7.575
6.789
7.016
7.442
6.833
6.771
7.593
6.507
6.751
7.034
7.451
6.868
7.649
6.590
7.534
6.963
6.959
7.161
7.090
7.425
7.000
6.829
6.992
6.705
7.115
7.926
6.389
6.910
6.916
6.830
7.038
8.137
6.164
6.961
6.661
6.648
7.045
6.970
7.534
6.868
6.758
6.733
6.746
6.915
7.003
6.725
6.883
6.828
6.957
6.945
7.125
7.713
6.902
6.749
6.782
6.971
6.809
7.079
6.295
6.539
6.787
6.905
7.106
6.789
7.930
6.509
6.637
6.718
7.093
6.711
7.692
6.561
6.931
6.678
6.928
6.668
7.060
7.856
6.642
6.845
6.945
6.841
7.010
7.319
6.613
6.435
6.987
6.785
8.646
6.945
7.094
6.937
6.611
6.850
6.718
7.794
6.980
6.862
6.949
7.276
7.167
6.762
6.991
6.764
6.498
7.075
6.798
6.952
6.781
6.775
6.559
7.586
6.925
7.350
6.892
6.617
7.549
6.949
6.751
7.124
6.832
7.871
7.086
6.974
6.982
7.575
6.876
7.422
6.591
6.916
6.763
7.813
6.340
6.607
6.986
7.149
7.028
7.568
6.811
7.179
6.656
6.569
7.443
7.042
9.442
6.687
6.849
6.872
6.928
7.407
8.231
7.080
6.530
6.808
6.519
6.881
7.438
6.775
6.598
6.889
6.843
7.014
7.715
6.478
6.976
6.895
7.076
6.635
7.882
7.171
6.762
7.006
7.033
6.649
6.962
7.505
6.581
6.745
6.432
7.103
7.172
7.425
6.454
6.727
6.958
6.737
7.159
6.694
7.583
7.235
6.675
6.807
6.779
6.947
7.559
6.385
6.861
6.947
6.681
6.806
7.618
7.702
6.447
6.766
6.824
7.476
7.310
7.712
6.593
6.690
6.674
7.064
7.527
7.606
6.504
6.900
7.222
8.467
7.025
6.989
6.970
6.850
6.464
6.793
7.775
8.005
6.744
7.111
6.627
7.030
7.099
7.571
7.424
7.334
7.093
6.973
7.182
7.983
6.426
7.352
6.701
6.925
8.861
7.570
7.143
7.080
6.920
7.033
8.569
7.800
6.470
6.840
7.091
6.870
6.800
7.501
6.469
8.262
6.886
6.729
6.923
7.789
6.893
7.048
6.972
6.977
8.069
7.292
6.423
6.751
6.727
7.328
6.789
7.148
6.647
6.922
7.080
6.815
6.884
6.965
6.991
6.757
6.942
7.480
6.799
6.842
7.531
6.927
8.001
6.766
7.495
6.958
6.710
6.923
6.924
6.761
7.646
7.204
6.533
7.021
7.169
7.726
6.823
7.221
6.584
6.750
6.857
6.694
6.943
6.953
7.793
6.778
7.090
6.786
6.988
6.793
7.616
6.491
6.944
6.798
7.113
6.704
7.015
8.077
6.791
6.905
6.899
6.988
6.871
7.658
6.557
6.812
6.734
6.815
7.087
7.221
7.495
6.850
6.799
6.805
7.161
6.935
7.264
6.337
6.596
7.183
6.906
6.830
6.937
7.584
6.874
6.901
6.733
7.444
6.884
7.791
6.748
6.865
6.649
6.802
6.984
7.093
6.647
7.268
6.727
6.789
6.920
7.477
6.450
6.942
7.164
6.806
6.973
7.030
6.365
6.800
6.731
6.730
6.839
7.159
7.936
6.617
7.048
6.891
6.998
6.706
7.508
6.385
6.777
7.080
6.995
7.212
6.915
7.564
6.605
6.785
7.000
6.787
6.776
7.545
6.654
6.931
6.794
6.867
7.055
7.230
7.660
6.556
6.550
6.798
7.129
6.732
7.704
6.377
6.973
6.899
7.419
7.125
7.276
7.634
6.865
6.852
6.954
6.686
6.956
8.284
6.707
6.727
7.101
7.404
6.834
7.606
6.196
6.996
6.837
7.262
6.690
6.613
7.663
6.388
7.163
6.787
6.922
6.831
7.738
6.221
7.071
6.720
6.794
7.170
7.132
6.468
6.763
6.876
7.002
6.885
6.947
6.746
6.709
7.031
7.076
6.895
6.651
7.986
6.928
7.105
6.779
6.980
7.341
6.335
6.858
6.788
6.870
6.944
7.032
7.725
7.863
7.750
6.692
6.718
7.189
7.593
6.562
6.769
7.008
6.927
6.744
8.046
6.478
6.547
6.472
7.323
6.727
6.874
7.547
6.989
6.761
7.555
6.841
6.819
7.849
6.328
6.921
6.945
7.191
6.703
7.406
6.916
7.009
6.944
6.890
6.724
7.568
6.510
7.223
6.955
7.043
7.086
6.986
6.396
6.751
6.760
6.904
7.213
7.112
8.110
6.691
6.988
7.038
7.135
7.186
7.433
6.713
6.654
6.909
6.982
7.530
6.936
7.457
6.689
6.728
6.803
7.014
7.051
7.997
6.515
6.873
7.024
7.059
7.002
7.951
6.359
7.060
7.097
6.808
6.592
7.189
6.631
6.964
6.631
6.902
6.632
6.942
6.812
6.837
6.572
6.871
7.103
6.938
6.739
6.923
7.053
7.114
6.659
6.717
6.542
6.796
6.959
6.626
7.110
6.866
7.186
6.720
6.944
7.095
6.933
6.635
8.384
6.862
7.083
6.787
7.218
7.378
6.412
6.938
6.642
6.934
6.792
7.490
6.317
6.510
7.005
7.103
6.712
6.957
7.791
6.851
6.979
6.755
6.630
6.604
7.378
6.631
6.792
6.810
6.851
7.104
6.846
7.521
6.651
7.178
6.769
6.904
6.916
7.280
6.269
7.042
6.973
6.916
7.005
7.922
6.927
6.870
7.077
7.152
6.900
7.116
6.251
6.888
7.165
7.012
6.990
7.772
6.559
6.611
7.004
6.789
7.028
7.107
7.525
7.544
6.925
6.781
6.973
6.979
7.471
6.237
6.851
7.194
6.958
6.710
6.825
6.723
6.832
6.855
7.003
7.042
7.108
6.954
7.110
6.920
7.093
7.113
7.421
6.239
6.865
7.133
7.478
8.250
7.744
6.224
7.037
7.034
6.642
6.948
8.162
6.754
7.105
6.971
6.699
7.032
7.505
6.401
6.385
6.752
6.964
7.062
7.019
6.688
7.240
6.907
7.021
7.100
6.966
7.623
7.005
6.876
6.981
6.895
7.159
7.827
6.540
6.756
6.798
7.072
7.189
7.752
6.257
7.439
6.707
6.946
7.123
7.006
6.848
6.854
6.958
6.878
7.052
7.422
6.227
7.555
6.684
6.987
7.064
6.809
6.308
6.394
6.762
7.442
7.078
6.649
7.857
6.277
6.649
7.008
6.792
6.963
7.555
6.522
6.737
6.707
7.166
8.021
7.121
7.064
7.217
6.980
7.123
6.958
7.241
6.244
6.921
7.131
6.641
6.910
7.045
7.402
6.890
7.286
7.031
6.856
6.955
7.592
6.501
6.973
6.977
7.153
7.163
7.799
6.109
6.650
6.835
6.621
7.204
7.050
6.795
7.039
7.135
6.904
7.050
7.155
6.301
7.067
6.895
6.832
6.778
6.946
6.362
7.387
6.972
6.863
6.845
6.809
7.046
6.916
7.098
6.640
6.877
7.114
6.677
6.722
7.241
6.963
6.967
7.123
7.822
6.494
6.773
6.864
7.212
6.918
7.311
6.529
6.715
6.843
6.945
7.093
6.702
7.631
6.849
6.752
6.966
6.879
7.113
7.558
6.407
6.963
6.959
6.687
6.803
7.561
7.511
7.627
6.713
8.069
7.953
6.908
7.727
6.839
7.062
7.047
8.308
6.846
7.370
6.327
6.764
6.858
6.893
6.552
7.513
6.267
6.790
7.445
7.221
7.016
6.891
7.520
7.114
6.910
6.740
6.804
8.826
7.369
6.466
6.970
6.886
6.910
6.675
7.076
6.621
6.557
7.230
6.844
6.680
7.016
7.631
6.639
6.934
6.944
6.885
6.938
7.452
6.227
6.960
7.414
7.297
6.806
7.556
6.576
6.785
7.048
6.979
6.925
6.615
7.104
6.745
6.986
7.052
6.909
7.014
7.032
7.041
7.155
7.038
7.143
7.523
6.345
7.128
6.745
7.034
6.945
8.252
6.677
6.791
6.835
6.658
7.110
6.902
7.611
6.926
7.012
7.023
6.932
7.080
7.960
6.518
6.938
7.047
7.054
7.007
7.750
7.270
6.918
6.955
8.020
6.911
7.317
6.496
6.765
6.979
7.108
7.642
7.656
6.548
6.756
6.739
7.187
7.033
7.277
7.090
7.427
7.450
7.221
6.958
7.205
6.200
6.587
7.141
7.071
6.973
6.999
6.804
8.042
7.681
6.910
6.993
7.093
6.416
6.567
7.115
6.896
6.926
7.161
7.751
7.237
6.945
6.730
7.114
6.897
7.707
6.354
6.983
6.751
8.430
6.810
7.797
6.896
7.048
7.242
6.838
6.855
7.729
6.577
6.558
6.847
6.867
7.310
8.299
6.641
6.629
6.810
7.014
7.179
7.007
7.652
6.787
7.097
6.749
6.749
6.864
7.317
6.613
6.818
7.035
6.685
6.887
7.140
7.601
6.842
7.005
6.882
6.842
6.889
7.171
6.285
6.771
6.601
6.974
6.999
6.918
7.803
6.589
7.118
6.896
7.074
6.693
7.400
6.519
6.768
6.543
7.121
6.231
6.281
6.500
6.440
6.726
6.917
8.032
6.993
6.547
6.834
7.250
7.014
7.180
6.220
6.858
6.961
6.950
7.448
8.271
6.875
6.752
6.726
7.093
6.717
7.126
6.475
6.803
6.848
6.723
6.821
7.998
6.437
6.943
6.917
7.194
6.712
6.971
6.828
6.984
7.108
6.605
6.961
7.705
6.476
6.828
7.012
6.975
6.918
7.643
6.461
6.884
6.847
6.874
6.996
7.279
6.781
7.058
7.048
6.598
6.953
7.602
6.542
7.163
7.044
6.954
7.113
7.781
6.437
6.800
6.775
7.152
7.046
6.985
7.037
6.883
7.394
6.746
6.748
6.687
6.841
6.977
6.771
6.972
6.819
7.053
6.812
6.748
6.980
6.809
6.916
6.893
6.854
7.050
6.763
6.638
6.733
7.150
6.839
6.802
7.125
7.029
6.554
6.669
7.007
6.484
6.972
6.793
7.105
6.777
6.908
7.203
7.030
7.286
6.762
7.601
6.409
6.989
6.861
7.174
6.472
7.663
7.039
6.905
7.071
6.768
6.871
6.899
6.803
8.116
7.180
6.971
7.000
7.411
6.527
6.703
7.529
6.761
6.811
7.220
6.629
7.179
6.731
7.159
6.785
6.708
6.723
6.977
6.785
7.025
6.745
7.974
7.774
7.587
6.548
6.686
6.948
6.730
7.838
6.574
7.182
7.192
6.665
6.736
8.176
6.985
7.006
7.134
7.524
6.966
7.182
6.499
7.691
6.752
7.027
6.643
6.731
7.533
6.832
6.735
7.303
7.114
7.137
6.557
6.403
6.984
7.260
7.168
6.895
7.754
6.658
7.187
7.403
7.095
6.683
6.968
6.879
6.808
6.979
7.348
6.960
7.160
6.378
7.479
7.161
6.827
6.622
7.703
6.758
6.958
6.539
6.951
7.634
7.028
6.783
6.824
7.248
6.785
7.000
6.638
6.950
6.809
6.759
6.478
6.928
7.047
6.941
7.034
6.907
6.809
6.892
7.151
6.505
6.401
6.867
7.097
6.913
7.693
6.644
6.983
7.336
6.774
6.817
6.803
6.586
6.625
6.865
7.287
6.972
6.955
7.578
6.459
6.983
6.701
6.892
7.134
6.933
6.710
6.211
6.790
6.947
7.176
6.883
7.760
6.527
7.579
6.953
7.122
6.851
7.707
6.669
6.861
6.929
6.708
6.911
9.002
7.083
6.746
7.300
7.228
7.234
7.579
6.857
6.686
6.739
7.145
6.913
7.181
6.222
6.817
7.141
6.839
6.987
7.259
6.520
7.152
7.736
7.151
7.179
7.080
6.954
6.861
7.240
6.907
6.849
7.450
6.420
6.861
6.648
7.019
6.989
7.344
6.600
6.955
6.876
7.039
6.896
6.693
7.515
6.634
7.114
6.851
6.506
7.079
7.242
6.408
7.035
6.811
6.693
6.809
7.076
6.598
6.912
6.880
6.742
7.001
6.805
7.265
6.438
6.992
6.731
6.777
7.012
6.842
6.669
7.261
6.827
7.405
6.687
8.462
6.686
6.674
6.916
6.946
6.973
7.398
6.324
6.714
7.145
6.915
7.516
6.874
6.693
6.888
7.178
6.706
6.983
6.789
7.209
7.019
6.823
7.054
6.963
6.457
6.961
6.783
7.063
6.779
6.710
7.143
6.836
6.851
6.999
6.718
6.928
7.126
6.426
6.817
7.348
6.883
6.976
7.194
6.855
7.147
7.100
7.071
6.726
7.764
6.376
6.951
6.551
7.076
6.802
7.516
7.637
7.014
7.030
7.061
6.960
8.672
6.978
6.691
7.044
7.001
6.996
7.167
6.261
6.707
6.831
7.133
6.984
7.278
7.437
6.938
7.301
6.923
6.930
7.683
6.542
6.291
7.002
6.890
7.011
7.062
7.629
6.854
6.763
6.899
6.977
7.232
7.355
6.453
6.916
7.274
7.193
7.343
7.718
6.992
7.063
7.179
6.986
6.820
7.475
6.454
6.745
8.070
7.105
6.987
7.570
6.900
7.172
6.205
6.701
6.886
8.026
7.039
7.707
6.213
7.060
7.093
7.002
6.532
6.547
6.659
6.927
7.110
6.994
7.936
6.929
7.150
6.898
7.007
7.104
7.534
6.535
6.916
7.246
7.027
6.945
7.427
6.785
6.999
7.965
6.992
6.975
7.698
6.582
7.281
6.657
6.774
6.928
7.315
6.237
9.558
6.958
7.207
7.037
7.166
6.847
6.857
6.819
7.059
6.947
7.049
6.233
6.963
7.109
7.025
7.050
7.401
6.642
7.035
7.248
6.765
7.022
6.879
6.492
6.798
6.888
7.143
6.966
6.892
7.655
6.771
6.897
6.540
6.707
7.120
7.736
6.382
7.063
7.093
6.726
6.535
7.011
6.875
6.707
6.970
6.928
7.137
7.166
7.569
6.301
6.906
6.934
7.982
7.481
7.554
6.446
7.637
7.081
7.916
7.478
8.022
7.055
6.911
6.223
6.395
6.998
7.270
6.615
6.957
6.706
6.151
7.134
7.001
8.005
6.853
7.076
7.088
6.845
6.787
7.929
6.331
7.599
6.704
7.017
7.275
7.726
7.262
6.933
7.339
6.797
6.943
7.372
6.305
6.865
7.005
7.261
6.750
7.252
6.382
6.939
6.988
6.743
6.369
7.002
6.707
6.935
6.862
6.853
6.887
7.219
7.492
7.071
6.486
6.758
6.806
7.279
7.900
6.408
6.706
7.074
7.534
6.782
7.102
6.954
6.730
6.981
7.102
9.105
7.210
6.460
6.740
7.517
6.862
6.755
7.355
6.152
6.636
6.892
7.206
6.997
6.994
6.659
6.710
7.064
6.686
6.729
6.893
7.767
6.838
6.763
7.248
6.545
7.172
7.262
6.360
6.850
6.751
6.915
6.938
7.440
6.424
6.834
7.087
6.952
7.077
7.301
6.675
7.227
6.876
6.889
6.924
6.960
7.214
7.171
7.128
7.119
7.782
7.647
6.509
7.075
6.909
6.911
7.528
7.431
6.642
6.585
7.475
6.838
6.648
6.994
7.085
7.051
6.886
6.967
6.863
7.070
6.358
6.794
7.025
7.584
6.730
8.140
6.323
6.734
6.757
7.002
7.199
7.476
6.656
6.872
7.131
7.059
7.099
7.143
6.716
7.096
7.938
7.024
6.684
7.119
6.694
6.727
7.092
7.006
7.031
6.853
6.993
6.876
6.965
6.972
7.130
7.139
7.607
6.791
7.229
6.977
7.361
6.858
7.793
6.536
6.768
6.943
6.939
7.324
7.045
6.992
7.186
6.966
7.180
6.893
7.272
6.618
6.635
7.150
6.980
7.038
7.702
6.563
7.089
6.667
6.417
6.722
7.070
6.645
6.147
6.841
7.057
7.040
7.109
7.790
6.409
6.710
7.011
6.944
7.317
7.230
6.295
6.989
6.699
6.914
6.739
7.002
6.536
6.619
6.783
6.823
7.169
6.699
7.997
6.801
6.747
6.710
6.983
8.526
6.603
7.081
6.775
6.748
7.039
7.728
7.454
6.537
6.761
6.830
6.999
6.844
7.431
6.454
6.997
6.650
7.033
7.046
6.736
6.450
6.648
6.633
7.403
6.745
6.768
7.910
6.639
6.741
7.022
7.555
6.587
7.509
6.428
6.471
7.104
7.140
6.984
6.925
6.864
6.604
7.032
6.907
7.049
7.048
7.235
6.803
9.088
7.043
6.741
8.213
6.654
7.108
7.302
6.921
7.074
7.263
6.382
6.688
6.896
9.948
7.127
7.050
6.402
7.022
6.777
7.185
7.309
7.307
8.847
7.050
6.942
7.071
6.791
7.204
6.464
6.915
6.911
7.445
7.076
7.630
6.267
6.992
7.005
6.789
7.036
7.667
6.815
7.179
7.277
6.688
6.737
7.410
6.559
6.688
7.181
7.027
6.965
7.005
7.293
7.045
6.718
6.926
6.972
7.266
6.432
7.162
6.631
6.991
6.714
6.758
7.174
7.004
6.995
6.980
7.000
7.280
6.830
7.450
6.690
6.908
6.954
6.859
7.919
6.411
6.983
6.765
6.963
6.906
7.765
6.206
6.770
6.711
6.779
6.745
6.908
6.847
7.109
6.990
7.584
7.818
7.423
6.371
6.721
6.935
7.217
6.851
7.170
7.202
6.944
7.234
7.444
6.997
7.025
6.606
6.596
6.996
6.943
7.113
6.716
7.823
6.566
6.817
6.910
6.971
6.860
7.564
6.437
6.742
6.635
6.957
7.098
6.601
7.835
6.779
6.801
6.911
6.719
7.145
8.055
6.741
6.554
7.008
6.961
6.861
7.975
6.331
6.882
7.382
6.866
6.870
6.796
7.115
6.899
6.929
7.962
7.743
7.901
6.377
6.916
6.965
7.166
6.770
7.636
6.295
6.744
6.833
6.749
7.055
7.169
6.655
6.832
7.046
6.910
7.076
6.789
7.597
6.895
7.189
6.977
7.600
7.212
7.384
6.652
7.454
6.907
6.858
6.729
7.918
6.840
7.294
6.964
6.767
7.029
7.048
6.898
6.955
7.069
6.983
6.782
6.793
7.275
6.733
7.874
6.650
6.721
7.393
6.523
7.104
7.108
6.406
6.817
7.121
7.002
6.895
7.225
6.685
6.850
6.616
6.798
6.712
6.501
6.829
6.477
6.782
6.677
6.715
7.128
6.710
6.674
7.025
6.942
7.225
7.033
7.077
6.812
7.061
6.570
6.809
7.018
6.718
7.137
6.977
6.895
7.194
6.960
6.850
6.884
7.076
6.896
6.793
6.955
7.077
6.807
6.820
6.689
6.874
6.874
7.028
6.807
6.754
6.524
7.198
7.424
6.925
6.819
7.107
6.692
7.040
6.768
7.373
6.689
6.890
6.793
6.819
6.971
6.550
6.929
6.742
6.772
6.947
6.899
6.468
8.321
7.518
6.581
6.877
6.911
6.715
6.698
7.425
6.601
7.815
6.923
7.072
6.846
7.071
6.824
7.852
9.442
6.961
6.783
8.225
6.741
6.926
6.921
6.754
6.722
8.175
6.399
6.639
6.648
6.852
7.431
7.765
7.086
6.971
7.097
6.887
8.092
7.525
6.673
6.735
6.492
7.114
6.803
7.565
6.146
6.657
6.534
6.796
7.044
6.919
6.744
6.716
6.798
6.498
6.821
7.110
7.748
6.784
7.119
6.647
6.852
6.662
7.077
6.378
7.021
6.953
6.943
6.900
6.922
6.742
6.598
6.896
6.729
6.874
7.194
8.068
6.278
6.471
6.766
6.921
6.944
7.420
6.463
6.607
6.928
6.782
7.144
7.057
7.749
6.910
7.011
6.918
6.903
6.761
7.119
6.361
6.639
7.008
7.195
6.640
6.932
6.457
6.903
6.730
6.845
6.868
6.854
6.968
6.831
7.426
6.698
6.929
6.543
7.010
6.903
6.673
6.670
6.977
6.558
6.939
6.992
7.279
6.694
6.843
6.949
6.872
6.802
6.936
6.693
8.160
7.402
6.653
6.927
6.819
7.150
6.678
7.957
6.549
6.871
6.992
6.783
8.002
6.998
6.710
6.872
7.223
6.940
6.755
6.961
6.716
6.765
6.847
6.742
8.007
7.307
6.565
6.948
6.827
6.870
6.713
7.908
6.430
6.801
6.814
7.182
6.982
6.875
7.057
6.791
6.782
7.103
6.660
6.876
6.363
6.364
6.898
6.865
6.988
6.722
7.419
6.392
6.752
7.189
6.852
6.834
6.945
6.910
6.997
6.817
6.843
7.005
6.800
6.704
6.729
7.186
6.817
7.070
6.809
7.016
7.132
7.502
6.765
6.709
6.812
6.887
6.956
6.830
6.750
6.883
6.606
7.120
6.778
7.169
6.857
6.820
6.717
6.701
6.735
6.957
6.954
6.828
6.796
6.822
6.873
6.796
6.797
6.650
6.806
7.738
6.915
7.184
6.993
6.874
8.028
6.348
7.206
6.784
6.882
6.906
7.600
6.474
6.961
6.759
6.946
6.786
7.011
8.866
6.790
6.668
6.907
6.809
7.019
6.549
6.757
6.737
6.817
7.029
7.191
7.930
6.463
7.047
6.825
6.936
6.862
6.660
7.045
8.157
7.211
6.807
6.857
7.333
6.377
6.381
7.238
6.836
6.612
6.686
6.628
6.812
6.375
6.278
6.461
6.528
7.761
7.158
7.700
6.658
6.840
6.913
6.656
6.990
7.001
6.834
7.024
6.764
6.893
6.985
7.298
6.975
6.943
6.955
7.116
6.991
6.829
6.955
6.844
6.836
6.844
6.904
7.703
6.196
6.931
7.291
7.114
7.027
6.880
6.638
7.083
7.139
6.762
6.741
6.552
6.946
6.736
7.041
7.015
6.814
6.566
6.768
6.985
6.771
6.703
6.975
7.172
6.989
6.733
7.075
6.791
7.114
6.749
7.095
6.701
7.293
6.767
6.919
6.560
6.821
9.275
6.600
6.758
6.897
7.321
6.593
6.307
6.971
6.766
7.192
7.504
6.401
7.196
6.626
6.964
6.794
7.530
7.479
7.246
6.831
6.842
7.061
6.815
7.877
6.602
6.637
7.167
6.758
6.776
8.051
6.671
6.833
6.859
6.841
6.709
7.054
7.680
6.729
6.848
7.328
6.765
6.732
7.803
6.529
6.691
7.105
6.942
7.363
6.624
6.459
6.639
6.696
6.777
7.489
6.408
8.143
6.893
6.728
6.922
7.033
6.700
7.927
6.350
6.840
6.934
6.997
7.120
7.976
7.599
7.009
7.023
6.959
7.022
7.611
6.558
6.595
7.276
6.872
6.847
7.258
6.310
6.726
6.650
7.311
6.932
6.909
7.452
6.650
6.926
6.856
6.860
7.075
7.696
6.907
7.309
7.336
7.426
6.991
7.569
6.551
6.959
6.932
6.795
6.956
7.557
6.515
7.055
6.968
6.936
6.988
7.247
6.798
7.113
6.864
6.961
6.701
7.014
7.190
7.174
7.072
7.283
6.901
7.410
6.409
6.976
6.862
7.233
6.856
7.800
6.603
6.713
6.804
6.984
7.134
7.234
7.004
6.786
6.849
6.790
7.261
6.739
7.849
6.139
6.998
6.896
7.025
7.018
7.439
6.714
7.938
6.622
6.682
7.070
8.237
6.546
6.923
6.789
6.877
7.145
7.412
6.290
8.694
6.606
7.656
7.035
7.558
6.419
6.942
6.942
6.911
6.936
6.854
7.031
6.948
6.713
6.693
6.908
7.616
6.942
7.091
7.116
6.954
6.728
7.045
7.045
7.632
6.885
6.939
7.076
7.505
6.684
6.737
7.020
6.890
7.084
8.379
6.300
8.148
6.907
6.932
7.473
6.729
6.934
6.802
7.127
6.953
7.031
6.753
7.010
6.078
7.176
6.728
7.264
7.104
7.243
6.408
6.676
7.088
6.982
6.783
6.973
7.443
6.724
6.746
6.703
6.939
6.959
7.457
7.424
6.858
6.947
6.912
6.563
6.962
6.470
7.071
6.774
6.919
7.456
7.147
7.759
6.464
6.883
6.840
6.551
6.696
7.975
6.544
7.414
6.719
6.786
6.883
7.297
7.468
6.377
6.931
6.791
7.159
7.050
7.657
6.467
7.295
7.390
8.117
6.826
6.925
7.367
6.699
6.740
7.197
6.781
6.801
6.977
6.969
6.910
6.938
6.789
6.773
6.862
7.375
6.837
7.048
6.812
6.828
6.691
6.627
6.677
6.685
6.733
6.641
7.912
6.811
6.580
6.729
6.627
7.397
6.674
6.935
6.727
6.805
7.074
8.218
6.443
6.588
6.966
6.816
7.108
7.549
6.455
6.487
6.637
6.689
6.656
7.106
8.097
6.860
6.776
6.920
6.917
6.932
8.081
6.382
6.730
7.896
7.198
6.996
7.026
6.746
6.834
6.771
7.529
6.998
6.777
6.952
7.054
7.025
7.407
6.898
6.943
7.056
7.093
6.923
6.924
6.890
7.076
6.384
6.776
7.126
6.714
6.765
7.108
6.880
7.476
6.789
7.096
6.875
7.020
7.580
6.550
6.481
6.825
7.116
7.036
7.908
6.921
7.791
7.026
7.004
6.561
6.722
6.923
6.841
7.045
7.005
7.019
6.813
7.183
6.870
6.785
6.786
6.792
6.879
6.376
6.692
6.662
6.983
7.017
7.221
7.020
7.059
6.925
6.963
7.096
6.735
6.652
7.009
6.838
6.944
6.912
6.915
7.061
7.022
7.039
6.894
7.018
7.099
6.369
7.027
6.649
7.088
6.914
7.463
6.537
7.159
7.035
6.839
6.845
6.923
7.771
6.432
6.978
7.090
6.764
6.702
7.589
6.475
7.779
6.848
7.000
6.938
7.280
6.616
7.234
7.128
6.979
6.995
7.649
6.476
6.538
6.913
7.079
6.909
7.647
6.613
7.050
7.142
7.016
7.094
7.051
6.959
7.360
6.956
7.096
6.891
7.547
6.538
6.668
7.012
7.036
6.949
8.029
6.220
7.025
7.026
6.824
7.493
7.476
6.493
6.837
6.800
6.899
6.890
6.608
7.727
6.793
6.936
7.057
7.208
6.958
7.350
6.521
6.921
7.357
6.961
6.836
6.685
7.015
6.821
6.964
6.798
6.956
7.049
7.227
8.072
6.980
7.019
6.908
7.573
6.580
6.581
6.844
6.823
6.877
8.227
6.666
6.930
6.960
6.954
6.959
6.483
6.988
6.780
6.717
6.921
6.898
7.405
6.534
6.474
6.970
6.637
7.178
6.699
7.766
6.257
7.043
6.722
6.790
6.869
7.661
6.531
6.773
7.020
7.038
6.909
6.797
7.516
6.517
7.180
7.379
6.898
6.723
8.323
6.711
7.098
6.930
6.984
6.950
7.910
6.573
6.646
6.953
6.704
6.996
8.590
7.138
6.548
6.823
6.671
6.817
8.260
6.726
6.865
7.201
6.723
6.971
6.573
7.045
7.455
6.767
7.470
7.598
7.445
6.696
7.488
7.429
8.036
7.295
7.807
7.187
7.079
7.703
7.019
7.767
7.646
7.150
7.536
7.569
7.619
7.709
7.306
8.031
7.504
7.520
7.888
7.263
7.412
8.133
6.432
7.201
7.466
7.549
7.359
7.405
7.051
7.345
7.765
7.357
7.452
7.696
7.732
7.725
7.551
7.104
7.877
8.774
6.878
7.719
7.762
7.613
7.386
7.769
7.075
7.329
7.565
7.784
7.608
9.210
7.046
7.789
7.519
7.877
8.211
7.859
7.032
7.002
7.672
7.655
7.004
8.617
7.326
8.324
7.875
7.324
7.143
7.928
7.041
7.303
7.506
6.935
7.905
7.580
7.932
7.569
7.755
7.504
7.629
7.525
7.660
8.320
7.822
7.375
7.797
7.380
7.143
6.510
7.083
7.151
6.838
7.775
6.853
7.024
6.675
7.105
6.912
7.909
6.479
7.045
6.899
7.296
7.016
7.030
6.937
7.128
6.717
7.496
6.794
6.957
6.731
6.912
7.140
6.745
7.452
7.268
7.509
6.814
6.721
7.054
6.768
7.378
6.535
6.823
6.884
6.963
6.960
6.889
6.434
7.443
7.110
6.688
7.038
6.666
7.655
6.416
6.746
6.815
6.682
6.804
7.521
6.628
7.423
6.965
6.879
6.982
6.767
7.582
6.530
6.591
6.868
6.845
7.005
7.058
6.669
6.832
6.832
6.490
6.730
6.927
7.676
6.460
7.512
6.884
7.277
6.970
8.152
6.459
7.918
6.948
7.141
6.787
7.475
6.934
6.830
6.776
6.993
7.055
7.115
6.683
6.770
7.037
6.912
6.798
6.762
7.169
7.637
6.866
7.030
6.570
7.510
6.557
6.402
6.987
6.979
6.937
7.247
6.635
7.165
6.720
7.022
6.925
6.883
7.619
6.941
6.760
6.791
7.190
7.032
7.339
6.289
6.993
6.835
6.754
7.181
7.083
7.699
6.739
6.921
6.771
7.536
6.912
8.231
7.038
6.724
6.978
7.005
6.754
8.000
6.494
6.814
6.905
6.697
6.951
6.799
7.427
6.717
6.973
6.788
6.453
6.882
7.661
6.528
6.943
7.107
6.777
6.869
7.064
6.468
7.142
6.767
6.724
6.504
6.999
7.786
6.536
7.033
6.689
6.742
7.209
7.883
7.021
6.679
6.790
6.753
6.909
7.232
7.515
6.375
6.647
7.025
6.713
6.756
8.063
6.459
6.743
8.035
6.963
7.197
7.863
6.516
6.772
6.998
6.823
6.669
6.943
6.925
7.001
6.939
6.887
7.122
6.934
6.797
6.933
7.172
7.685
7.209
7.286
7.606
6.736
6.806
7.134
7.009
7.844
6.518
7.168
6.826
6.999
6.929
7.633
6.193
6.674
6.948
7.011
6.694
6.965
7.852
6.373
6.910
6.857
6.856
6.935
7.712
6.286
6.532
6.948
6.894
6.841
6.522
6.632
7.109
6.901
6.801
6.861
6.792
7.805
7.036
7.017
6.689
6.878
7.018
7.432
6.314
6.472
6.848
7.666
6.787
6.879
6.762
7.660
6.817
8.612
6.965
7.316
6.326
6.839
6.825
7.068
6.845
6.894
6.842
6.818
6.934
6.653
6.778
7.015
6.751
6.748
7.747
7.473
6.859
7.082
7.310
6.342
7.449
6.816
6.960
6.890
8.410
7.828
7.813
7.424
7.383
7.405
8.443
7.392
7.757
7.339
7.799
7.573
8.899
7.195
7.082
7.350
7.533
7.391
7.769
6.387
6.817
6.834
6.711
7.589
7.061
6.872
6.774
6.962
6.884
7.121
6.543
6.831
6.743
7.380
7.408
7.318
8.069
7.302
7.478
7.252
7.815
7.609
7.951
8.553
9.217
6.730
7.196
7.553
7.822
7.341
8.082
6.268
6.919
7.280
6.882
8.821
7.272
6.849
6.852
6.705
7.046
7.233
6.417
6.616
7.082
6.959
7.204
7.837
6.821
7.284
6.723
6.991
6.974
7.160
5.941
6.796
6.806
7.008
7.005
6.968
6.731
6.720
6.901
6.985
6.922
6.894
7.733
6.503
6.801
6.905
6.949
7.173
7.305
6.416
7.057
6.953
6.832
6.996
7.017
9.013
6.411
7.147
6.943
6.625
6.969
7.391
6.171
6.868
6.941
6.853
7.290
7.806
6.843
6.882
6.969
6.728
6.800
7.853
6.885
6.916
6.965
6.712
6.809
6.876
6.996
7.081
6.907
6.897
7.165
6.883
6.925
6.939
6.990
6.736
7.009
6.877
6.869
6.998
6.858
6.946
6.882
7.074
6.882
6.788
6.977
6.774
7.246
6.652
6.734
6.921
7.160
6.838
6.769
6.683
6.847
7.877
6.766
7.309
6.700
7.095
6.586
6.807
6.854
6.902
6.916
6.909
6.574
6.613
6.801
6.772
6.896
6.870
7.872
7.824
6.891
7.392
7.465
7.899
7.243
7.480
7.072
7.096
6.949
6.815
7.571
6.888
6.925
6.906
6.928
6.907
7.124
6.419
6.779
6.855
6.994
7.140
7.101
6.731
6.904
6.826
6.737
6.853
6.918
6.966
6.761
7.088
6.929
6.939
7.333
6.737
6.890
6.981
7.504
7.354
7.101
7.020
6.944
7.248
6.945
6.864
7.412
6.436
6.898
6.793
7.968
6.792
7.641
6.822
6.935
7.259
7.154
6.823
6.885
7.588
6.974
6.647
7.000
6.918
6.787
7.600
6.518
7.184
6.961
6.777
6.691
6.885
6.990
6.756
7.117
6.726
6.984
6.539
6.915
6.878
6.858
7.354
6.937
6.849
7.142
6.923
7.214
6.680
7.151
7.442
6.452
6.867
6.898
7.072
6.756
7.368
6.562
6.504
7.237
6.459
7.092
6.772
7.682
6.771
6.806
6.976
6.784
7.351
7.261
6.432
6.996
6.876
6.853
6.930
7.317
6.936
7.008
6.939
6.809
7.011
6.723
6.671
6.817
6.935
6.682
6.809
7.069
7.471
7.096
6.889
7.002
7.335
7.304
6.498
7.246
6.800
7.505
6.789
7.891
7.047
7.357
7.693
7.007
7.416
7.798
6.366
7.647
7.572
6.872
6.815
7.251
6.546
6.940
6.813
6.793
7.390
7.430
6.279
6.506
8.776
6.811
6.968
6.914
7.894
6.481
7.123
6.642
