8.979
6.982
7.629
7.225
7.451
7.860
12.766
7.312
7.209
7.220
7.419
7.425
7.388
8.487
7.292
7.335
7.636
7.481
7.529
7.585
7.449
7.484
7.523
7.636
7.351
7.597
7.879
7.354
7.539
8.041
7.365
7.444
7.188
8.003
7.545
7.940
7.385
7.644
7.503
8.224
6.769
7.173
8.765
7.427
6.712
7.602
8.321
7.117
7.899
8.725
9.875
6.807
7.818
7.320
7.163
7.494
7.031
7.067
7.180
7.122
7.254
7.027
7.263
7.326
7.359
7.339
8.409
7.619
7.220
7.140
7.688
7.410
6.967
8.045
6.885
7.259
7.609
7.753
7.712
7.738
7.493
8.518
7.761
7.119
7.485
7.580
7.760
7.556
7.435
7.725
7.935
7.522
7.714
7.552
9.179
7.501
7.706
8.465
6.966
8.097
7.729
7.717
7.496
8.267
8.726
7.218
7.337
7.307
7.477
9.207
13.493
24.772
13.254
7.108
6.999
7.465
7.417
7.503
7.230
7.799
6.688
9.488
8.088
7.270
14.036
6.985
11.061
8.696
8.605
10.273
7.140
11.136
10.335
8.368
7.042
12.668
13.654
7.912
7.115
7.553
8.538
7.333
7.939
7.883
7.940
7.752
7.219
7.506
7.667
10.225
8.358
7.673
7.241
7.941
7.714
7.580
7.756
7.374
12.323
7.082
7.377
10.213
6.941
11.291
9.426
10.822
7.306
8.532
7.395
7.971
9.143
7.932
7.039
11.420
9.081
7.245
7.419
11.002
9.482
9.847
10.697
10.084
9.370
8.559
10.342
10.848
7.156
7.053
8.776
10.307
7.913
7.851
8.444
6.807
8.035
7.709
8.171
8.365
7.171
7.530
7.308
7.656
7.060
7.735
7.269
7.784
7.517
7.504
7.822
8.556
8.001
11.526
7.910
7.784
12.514
15.510
15.695
11.840
8.075
7.335
6.998
7.433
7.468
8.982
7.616
10.981
14.141
16.011
16.018
12.177
7.019
7.085
7.184
7.883
9.276
9.259
7.678
7.692
8.560
7.676
7.907
11.373
9.944
7.305
9.010
10.668
9.567
6.601
6.860
6.914
7.502
7.672
7.615
7.676
7.720
7.414
7.652
7.678
7.528
8.002
7.764
7.484
7.583
7.396
7.641
7.179
7.586
8.802
7.724
7.955
7.280
8.127
7.611
8.331
10.177
9.506
12.110
8.533
6.823
9.342
6.689
13.693
8.545
6.796
9.372
6.865
6.539
7.095
6.882
6.685
6.753
6.748
6.803
7.158
6.553
6.767
6.597
6.671
6.768
6.963
6.748
6.920
7.293
7.536
7.743
6.617
7.428
7.298
7.602
7.442
8.160
6.992
7.360
6.843
7.493
8.088
6.998
6.558
7.169
7.358
7.290
8.060
7.864
8.141
7.402
7.356
7.041
7.416
7.371
7.984
7.222
7.547
7.322
7.541
7.254
8.193
7.604
7.511
7.369
7.114
7.408
7.316
7.384
7.916
7.181
7.268
7.956
7.138
7.427
7.307
7.770
7.337
7.326
8.208
8.235
6.654
7.836
7.364
7.719
8.625
8.423
8.991
6.557
7.189
7.365
7.517
7.797
7.315
7.180
7.679
7.126
7.699
8.304
7.775
7.597
7.641
7.734
8.135
7.192
8.610
7.291
7.316
7.344
7.489
7.568
7.214
7.363
7.536
7.464
7.532
7.117
7.213
8.470
7.311
7.435
7.433
7.533
7.715
7.588
7.436
7.229
7.068
7.510
7.953
6.919
7.920
7.624
7.669
7.487
7.621
7.532
7.665
7.481
7.493
7.356
7.471
7.615
7.426
9.628
7.535
7.477
7.580
7.576
7.063
7.485
7.562
7.506
7.501
6.964
7.580
7.551
7.611
7.726
7.691
7.948
7.632
7.598
7.236
9.758
7.421
7.541
7.395
8.009
6.988
7.415
7.645
7.592
7.575
7.364
7.499
7.874
7.509
7.420
7.428
7.421
7.369
7.183
7.575
7.845
7.610
7.655
7.565
8.074
7.234
7.899
7.475
7.544
7.469
7.518
7.470
7.326
7.290
7.412
6.994
6.921
6.949
7.131
8.043
7.375
7.502
7.256
8.078
7.519
7.305
7.405
7.363
7.256
8.341
6.636
7.481
7.818
7.256
7.601
7.272
8.927
7.028
7.491
7.401
8.084
7.134
7.448
8.790
11.246
6.961
7.071
8.484
6.940
7.489
13.302
6.827
8.180
7.211
7.642
8.084
7.103
7.513
7.400
7.637
7.275
7.814
8.326
7.299
7.726
7.557
7.032
7.023
7.247
8.580
11.722
7.109
7.185
7.411
9.590
7.473
13.150
6.704
7.216
7.208
7.313
7.336
6.917
7.255
7.335
7.187
7.630
7.324
9.679
7.247
7.283
7.572
7.576
7.694
7.352
8.032
7.236
7.660
7.448
7.355
7.239
8.245
7.210
7.722
7.264
7.581
7.190
7.352
7.467
7.598
7.819
7.178
7.774
7.548
7.577
7.517
7.203
7.115
7.221
7.624
7.516
9.415
7.514
7.486
7.544
7.871
7.698
7.268
7.406
7.510
7.370
7.300
7.268
8.096
7.150
7.421
7.590
7.254
7.749
7.007
8.289
7.255
7.571
6.929
7.252
7.131
7.298
7.273
7.365
6.966
7.195
7.427
7.242
7.459
6.994
7.129
9.175
10.554
6.757
7.319
7.579
6.801
7.452
8.551
10.241
6.828
7.719
6.565
7.737
7.355
7.629
7.466
7.435
8.281
7.370
8.492
7.321
7.778
7.095
7.448
7.887
7.029
7.350
6.486
7.439
7.377
8.435
7.310
7.542
7.592
7.233
7.455
7.472
9.189
7.242
7.697
7.386
7.325
7.315
7.500
6.868
7.528
7.428
7.190
7.230
7.185
7.660
6.911
7.294
7.259
7.521
7.435
7.418
8.362
7.165
6.996
7.132
7.341
7.274
7.294
8.917
7.475
7.654
7.682
7.711
7.471
7.461
8.408
8.307
7.482
7.800
7.397
7.837
6.885
7.968
7.625
7.541
7.032
8.399
7.561
7.200
7.366
7.965
7.201
7.448
7.262
7.246
7.510
7.431
7.292
7.426
8.379
7.594
6.720
7.385
8.153
7.611
7.953
10.880
6.826
6.552
7.651
7.618
7.031
7.847
6.955
7.340
7.351
7.753
7.329
7.757
7.497
7.509
7.369
7.547
8.052
7.531
7.549
7.886
7.502
7.622
8.233
6.810
7.614
7.379
7.612
6.993
7.193
7.434
9.345
7.556
6.723
7.703
7.749
7.241
7.492
8.347
8.344
6.682
6.913
7.568
8.614
7.105
7.149
7.588
7.183
7.798
7.267
7.682
7.363
7.467
7.513
7.462
7.205
7.451
7.470
7.317
9.328
7.341
8.829
8.170
7.214
7.343
8.394
6.597
6.372
7.604
7.463
7.671
6.727
7.865
7.038
6.616
6.716
7.263
6.649
7.206
8.679
6.780
7.365
8.337
6.601
7.277
7.973
7.799
6.599
6.232
6.355
7.067
8.024
7.228
7.366
7.157
6.708
6.925
8.779
6.922
7.220
9.409
6.989
7.151
7.856
6.670
9.753
10.621
7.311
7.495
8.165
7.168
9.491
7.020
8.264
7.946
6.899
6.766
6.339
7.043
8.012
6.852
7.165
8.122
6.983
7.534
8.776
7.154
7.552
8.168
7.235
7.565
7.540
7.509
7.316
7.166
7.417
6.796
7.159
6.374
7.105
7.205
6.589
7.116
7.670
7.219
6.998
8.419
7.014
7.262
7.911
7.101
7.461
7.916
7.721
6.893
6.823
6.512
7.401
7.856
6.607
8.201
7.190
7.457
6.909
8.610
7.759
7.314
8.292
6.499
7.754
7.513
6.940
8.545
7.978
7.524
7.735
8.393
6.719
7.288
7.128
6.505
7.280
8.166
6.599
7.226
7.928
6.333
7.693
7.904
7.036
7.558
8.117
6.802
7.375
8.491
8.638
8.302
7.761
7.032
7.462
6.650
6.908
7.605
6.543
7.420
7.520
8.039
7.663
6.956
8.212
8.103
6.436
7.214
7.387
8.642
7.410
7.721
7.337
8.146
6.890
7.172
8.469
8.535
7.827
7.540
7.151
8.045
6.888
7.834
7.677
6.988
7.259
10.832
7.971
6.600
7.021
6.294
6.878
7.684
9.091
8.604
9.641
6.603
7.319
7.291
7.300
6.985
7.509
7.290
7.363
7.007
7.632
7.934
8.696
9.651
6.807
7.088
7.247
7.690
7.494
8.785
7.422
6.725
7.593
7.286
8.171
7.198
7.672
7.689
7.626
7.385
7.280
7.134
7.489
7.131
7.534
7.407
7.135
7.286
7.270
7.284
7.447
7.477
7.263
7.739
7.507
7.773
7.144
8.591
7.357
7.628
6.972
7.577
7.381
7.204
7.101
7.311
7.537
7.109
7.711
7.250
7.567
9.025
7.576
7.444
7.196
7.584
7.482
7.878
7.154
7.467
7.270
7.122
7.159
7.540
8.875
12.220
6.554
7.608
7.557
7.261
7.947
13.178
7.068
7.329
7.418
7.460
7.392
7.597
7.477
7.515
7.963
7.294
7.861
7.058
7.675
6.863
7.453
7.272
7.441
7.857
7.921
9.077
8.061
7.707
7.454
7.799
7.521
7.484
7.763
7.875
7.376
7.430
7.328
8.194
7.112
6.917
7.382
7.459
6.918
7.317
8.477
6.887
7.403
7.286
7.589
7.324
7.755
7.005
8.618
7.367
7.518
7.258
7.381
7.553
7.393
7.791
7.294
7.210
7.414
7.425
7.508
7.484
7.428
7.186
7.650
7.166
7.365
7.282
8.567
6.981
7.654
6.992
8.250
6.843
7.093
7.091
7.255
7.561
7.358
8.157
7.081
7.628
6.936
7.766
7.268
7.336
7.418
7.273
8.494
10.602
7.087
7.220
7.335
7.475
8.054
6.720
9.014
6.749
7.959
7.111
7.260
7.419
7.399
7.476
8.249
6.583
7.284
7.144
7.409
7.314
7.312
7.236
7.163
7.733
8.540
7.911
6.705
7.260
7.480
7.379
7.501
8.066
8.859
7.116
7.017
7.326
7.284
7.422
7.796
7.318
8.102
7.766
7.269
6.998
8.180
7.506
8.047
6.556
7.911
7.287
7.867
7.061
7.333
8.476
7.143
7.103
8.651
7.478
6.690
7.550
7.632
7.230
8.682
8.435
8.022
6.450
7.027
6.621
7.566
7.351
7.227
7.398
7.651
7.632
7.440
7.778
7.072
7.161
7.979
7.504
7.504
7.508
7.209
7.470
7.235
7.361
8.118
7.290
9.572
9.024
7.483
7.201
7.457
7.519
7.470
7.506
8.749
7.938
7.462
9.015
7.545
7.437
8.273
6.977
8.062
7.197
7.274
7.478
7.302
7.973
6.932
7.385
9.333
7.476
6.586
7.162
8.092
7.098
7.318
8.434
8.555
8.778
7.095
6.563
7.461
7.518
11.025
7.034
6.735
7.762
7.132
7.076
7.570
7.047
7.551
7.642
7.269
7.483
7.375
7.525
7.501
7.438
7.961
6.607
7.412
7.139
7.617
7.102
7.374
7.699
8.138
7.369
9.381
7.084
7.540
7.365
7.499
7.730
7.379
7.334
7.365
7.778
7.350
7.277
7.248
7.135
7.518
7.331
7.484
7.073
7.289
7.426
7.426
6.991
7.331
7.285
7.647
7.080
7.299
7.352
7.405
8.000
7.115
7.330
7.341
7.282
7.686
8.475
7.529
7.602
7.096
7.463
7.609
7.610
8.662
7.915
6.622
7.160
7.371
7.370
7.556
8.628
8.332
6.621
7.223
7.677
7.204
7.982
9.957
7.489
6.885
7.550
8.187
7.492
9.203
7.168
7.267
7.581
7.597
7.465
7.550
8.692
11.899
6.764
8.263
8.226
8.921
7.807
13.129
6.867
7.413
7.440
7.362
7.304
7.395
7.213
7.178
7.421
7.438
7.527
7.621
7.499
7.330
7.851
7.182
7.347
7.060
6.979
6.978
7.446
7.520
7.559
7.405
7.379
6.971
7.260
7.243
7.291
7.259
8.348
9.603
6.550
6.672
7.244
7.604
7.420
9.058
14.341
7.034
8.743
7.570
7.749
8.486
7.212
7.377
7.649
7.396
7.375
7.536
7.747
7.608
7.290
7.758
7.621
7.805
6.961
7.619
7.807
7.468
7.126
7.335
8.312
7.830
7.424
6.494
7.264
7.536
8.009
7.163
7.343
7.546
7.067
7.744
7.605
8.432
6.556
7.216
7.371
7.522
8.837
7.110
8.361
7.149
7.286
9.071
7.709
7.449
7.359
7.247
7.446
7.656
7.355
7.206
7.542
7.563
7.573
7.427
7.083
7.068
7.625
7.651
7.586
7.508
7.318
7.527
7.585
7.380
8.005
7.043
7.024
7.349
7.328
8.895
6.932
6.698
8.376
8.832
6.898
7.300
7.336
8.191
7.136
11.323
6.872
6.448
7.544
7.587
9.126
7.626
7.671
7.826
7.427
7.580
8.285
7.601
7.391
7.599
7.300
7.414
7.236
7.362
7.093
7.401
7.433
7.264
7.452
7.221
7.059
7.837
7.215
7.033
7.237
7.312
7.082
7.383
7.031
7.388
7.028
7.306
7.312
8.077
7.370
7.233
7.377
7.485
7.444
7.218
8.520
10.762
6.806
7.212
6.978
7.649
7.584
8.044
6.965
8.914
6.663
7.499
7.544
7.465
9.561
7.568
7.500
7.184
7.284
7.319
8.612
7.310
7.188
7.583
7.538
7.869
7.369
8.425
7.445
7.197
7.414
7.544
7.653
7.560
7.326
7.407
8.631
7.711
7.045
7.375
7.141
7.318
7.250
7.448
7.380
7.408
7.362
7.140
7.419
7.508
7.026
7.329
7.288
7.215
7.018
7.486
7.209
6.997
7.572
7.533
7.026
7.649
7.310
8.482
7.489
6.624
7.398
6.667
7.233
7.759
9.187
9.589
7.929
7.129
7.781
7.685
7.735
7.427
7.672
7.489
8.357
7.297
9.092
7.511
7.238
7.543
7.070
7.400
7.306
8.587
8.219
6.659
6.972
7.471
7.447
7.369
10.521
7.608
6.896
7.355
7.447
7.440
7.380
7.590
8.284
7.647
7.280
7.254
7.841
7.737
6.981
7.656
7.321
7.705
7.491
7.329
7.358
6.984
7.413
7.221
7.442
10.038
7.563
6.508
7.170
7.435
7.238
7.426
9.363
9.866
6.692
7.528
7.514
7.644
7.559
7.269
7.275
8.121
7.737
8.065
7.803
7.719
8.181
7.230
8.910
7.205
9.244
6.955
7.199
7.102
6.848
6.854
7.376
7.210
7.542
9.261
7.157
8.808
7.430
8.160
8.218
7.836
6.931
7.629
6.914
7.957
8.882
10.700
7.207
6.958
6.906
7.227
8.232
9.577
8.759
6.695
8.675
7.681
7.745
8.854
16.416
15.062
9.486
7.414
8.161
7.627
7.587
7.248
7.425
7.825
8.036
7.149
7.516
7.650
12.867
7.682
7.210
8.350
7.661
8.883
10.906
7.406
7.097
7.198
7.195
7.516
7.991
7.667
7.654
7.802
8.161
7.098
7.369
6.833
6.781
6.379
6.434
7.063
6.785
7.869
7.573
7.875
7.607
15.088
16.183
10.099
7.131
7.282
7.037
13.751
7.490
7.538
6.634
7.419
6.624
6.862
6.873
6.656
6.788
6.971
7.035
7.100
7.110
6.769
7.977
10.558
7.572
8.420
12.846
8.701
6.715
8.277
7.992
7.495
10.245
8.739
6.790
7.784
7.717
8.839
7.550
8.672
8.057
8.071
7.618
8.182
7.284
7.476
8.247
8.829
7.676
7.671
7.433
8.279
8.274
6.945
7.662
7.904
7.402
7.775
7.160
7.407
6.726
7.569
6.939
7.313
7.086
8.082
7.467
7.472
6.965
7.862
7.677
7.866
8.007
8.107
7.697
7.582
9.114
7.759
7.385
7.307
7.729
7.599
7.709
8.005
7.596
7.715
7.252
8.491
7.027
7.800
7.267
8.138
7.587
7.333
7.701
7.055
8.713
7.397
8.620
7.504
7.931
7.882
7.438
7.589
7.680
8.145
7.624
7.884
7.636
8.654
7.862
7.018
7.510
7.372
7.205
7.303
7.492
7.494
7.909
7.338
6.997
7.675
7.375
7.515
7.450
7.252
7.530
7.446
6.930
7.540
7.518
7.433
7.476
7.034
7.072
7.069
6.995
7.256
7.429
8.464
6.743
6.959
7.355
7.350
7.428
7.516
7.712
7.550
10.721
6.863
6.555
7.720
7.248
7.459
7.373
9.713
6.873
7.121
7.429
7.349
7.322
7.433
7.522
7.611
7.453
7.522
7.340
7.581
7.505
8.432
7.220
7.395
7.114
7.330
7.484
8.595
8.774
7.736
8.746
7.707
8.819
7.806
8.388
7.878
9.051
7.688
8.714
8.223
7.817
8.545
7.396
9.080
8.306
6.978
6.966
7.504
8.313
6.640
7.409
6.946
7.311
7.356
7.422
7.682
7.101
11.553
7.290
7.042
7.336
7.354
7.206
9.027
9.143
6.794
7.173
7.479
7.054
7.158
7.596
7.261
7.196
7.364
7.678
6.552
8.269
8.649
6.701
7.419
7.736
8.145
7.436
11.762
6.773
6.915
7.513
8.051
7.274
7.182
6.905
7.401
7.417
7.469
8.020
7.086
8.774
9.392
6.600
6.678
7.433
7.538
7.641
8.342
11.662
6.659
6.935
7.268
7.604
7.711
8.400
7.730
6.698
7.219
7.667
7.310
7.971
7.320
7.322
7.418
7.162
7.321
7.315
7.165
7.425
7.304
7.280
7.230
7.366
7.689
7.087
7.282
7.303
7.454
7.329
7.433
8.155
6.972
7.533
7.356
7.179
7.468
7.749
7.482
7.446
8.413
7.217
9.793
7.276
7.667
7.537
7.753
6.533
7.330
7.400
7.138
7.540
7.534
7.932
7.162
7.686
7.572
7.488
7.459
7.496
7.466
8.677
8.241
6.793
7.158
7.436
7.591
7.556
10.678
7.602
6.714
7.424
7.604
6.989
7.371
7.247
7.449
7.248
7.460
7.331
7.444
7.545
7.086
7.654
7.272
7.323
7.232
8.538
10.434
6.628
6.746
7.329
7.460
7.483
8.451
8.458
6.619
7.086
7.087
7.777
7.671
7.485
7.474
7.619
7.473
7.443
7.442
7.433
7.284
7.492
7.286
7.334
7.438
7.548
7.209
7.411
8.647
7.316
7.571
7.351
7.134
7.274
7.329
7.432
7.315
7.418
7.380
7.762
7.111
7.247
7.457
7.435
7.354
7.029
7.421
7.523
7.655
8.621
8.019
6.782
7.041
7.719
7.386
8.459
9.596
8.136
6.597
7.708
7.507
7.283
7.768
7.330
7.256
7.319
7.399
7.312
7.526
7.451
7.572
7.525
7.614
7.768
7.367
7.450
7.399
7.697
7.284
7.244
7.536
7.457
7.755
7.585
7.488
7.397
7.592
7.647
7.538
7.633
7.337
7.053
7.600
7.473
7.287
7.590
7.485
7.406
7.301
7.072
7.818
6.579
6.941
7.490
7.452
8.418
8.146
7.903
6.566
7.456
7.128
7.374
12.132
8.160
6.738
7.281
7.641
7.536
7.547
7.527
7.896
7.723
7.175
7.343
7.925
7.457
8.394
7.270
7.427
7.158
7.348
7.240
6.975
7.428
7.388
8.262
8.078
7.465
7.076
7.585
7.304
7.197
7.314
7.379
7.415
7.336
7.789
6.824
7.500
8.483
8.655
7.353
6.527
8.079
6.484
7.341
7.727
8.610
7.340
6.533
7.440
7.636
7.301
8.446
9.627
6.650
6.665
7.579
7.366
7.260
8.824
9.141
6.865
7.236
7.020
7.371
7.620
7.300
8.294
6.860
7.223
7.648
7.565
7.483
7.456
7.897
7.325
7.332
7.146
7.078
7.569
7.622
7.304
7.193
7.368
8.466
7.343
6.526
7.427
7.271
7.201
6.992
8.559
8.206
6.684
7.046
7.547
7.635
7.292
7.471
7.427
7.405
7.650
7.531
8.114
7.623
7.400
8.075
7.233
6.957
7.330
8.509
11.083
7.069
6.504
7.425
7.561
7.586
8.480
7.976
6.781
7.414
7.327
7.280
7.217
7.378
7.781
6.424
7.249
7.716
7.344
8.544
8.541
6.837
7.248
7.574
7.534
7.667
11.618
6.863
6.847
7.387
7.748
7.349
7.668
8.163
7.341
7.572
7.552
7.667
7.368
7.469
7.969
7.292
7.687
7.386
7.623
7.192
7.470
7.309
7.575
7.299
7.891
7.158
7.602
8.053
7.453
7.462
7.277
8.299
8.741
7.255
6.491
7.425
7.327
8.353
8.806
10.918
6.871
7.045
7.464
7.624
7.545
7.304
8.348
7.233
7.863
7.410
7.584
7.350
7.766
8.224
7.081
7.246
7.254
8.422
7.943
6.739
7.813
7.033
6.810
7.377
7.499
7.636
7.600
7.273
7.312
7.301
7.227
8.400
8.680
6.570
7.189
7.346
7.462
7.431
7.216
8.684
6.965
7.458
7.218
7.400
7.307
7.459
7.512
7.588
7.333
10.695
7.375
7.191
7.651
7.449
7.471
7.376
7.768
7.461
7.566
7.413
7.042
7.599
7.255
7.137
7.548
7.378
7.453
7.407
8.764
7.816
6.767
7.604
7.004
7.554
7.303
9.108
8.108
7.343
6.351
7.300
7.040
8.089
7.505
7.220
8.234
9.536
7.378
7.577
7.697
7.428
7.521
8.026
6.938
7.393
8.484
8.543
6.672
7.066
7.313
7.444
7.401
8.313
8.301
6.634
7.052
7.720
7.476
7.665
9.465
7.694
6.868
7.272
7.546
7.257
7.211
7.411
7.900
6.664
7.363
7.314
7.572
7.693
7.149
7.900
7.085
7.191
7.376
9.158
9.846
6.614
6.671
7.279
7.289
7.326
8.843
10.315
6.768
6.846
7.724
7.699
7.238
7.400
8.300
6.923
7.507
7.553
7.446
8.506
7.870
7.891
6.566
7.569
7.385
7.842
10.786
7.035
6.504
7.474
7.698
7.418
7.295
7.371
7.135
7.322
7.255
6.979
7.316
7.281
8.223
6.757
7.223
7.238
7.359
7.509
7.613
8.328
6.827
7.328
7.360
7.308
8.382
11.057
8.217
6.617
7.299
7.441
7.495
8.696
8.837
6.647
7.256
7.373
7.342
7.575
7.562
7.874
6.903
7.490
7.352
7.308
7.399
7.311
7.426
7.253
7.399
7.293
8.571
10.372
6.570
6.441
7.512
7.298
7.261
8.562
10.920
7.154
7.193
7.081
7.513
7.337
7.641
7.676
7.357
7.299
7.515
7.274
7.733
7.258
8.402
7.067
7.345
7.361
7.310
7.329
7.758
7.162
7.182
7.336
9.257
7.748
6.561
7.349
6.631
7.312
7.365
8.364
10.633
6.836
6.870
7.309
7.298
6.981
8.587
11.017
6.715
7.147
7.284
7.527
7.425
7.669
8.335
6.778
7.014
7.472
7.427
7.655
7.511
8.301
6.743
7.584
7.661
9.157
7.307
6.683
7.994
7.072
7.355
7.508
7.365
7.376
7.532
7.476
7.236
7.899
7.269
11.690
7.553
6.579
7.894
7.479
7.381
10.132
7.274
8.150
7.021
7.445
7.356
6.931
7.614
7.425
7.330
7.553
7.257
7.328
7.349
7.639
7.366
7.186
7.409
8.016
7.361
7.506
8.167
7.586
7.352
7.154
7.584
7.591
8.001
7.324
7.421
7.449
7.432
7.778
7.299
7.516
7.425
7.568
7.248
7.654
7.589
7.584
7.597
7.322
7.679
7.014
7.529
7.327
7.070
7.279
9.677
7.849
6.835
6.729
6.761
6.946
7.331
8.641
7.636
7.089
6.534
7.409
7.798
7.368
7.271
7.457
8.197
6.634
7.308
7.201
9.536
10.512
6.735
6.821
7.232
7.631
7.759
8.329
8.581
6.819
6.998
7.731
7.253
7.457
7.384
8.236
7.011
7.324
7.197
7.272
8.681
7.633
6.764
7.145
7.405
7.293
7.401
8.526
9.958
6.801
6.847
7.642
7.395
7.208
7.495
8.250
6.917
7.295
7.060
7.814
8.383
8.720
7.862
7.080
7.495
7.386
9.560
10.724
7.259
6.347
7.281
7.298
7.262
7.336
7.528
7.370
7.329
7.520
7.042
7.488
8.348
9.746
7.664
6.759
7.675
7.460
7.777
8.456
8.600
6.836
7.024
7.141
7.474
7.414
7.192
7.797
7.361
7.810
7.415
7.628
7.441
7.452
7.626
7.442
7.514
7.459
7.353
7.365
7.535
7.324
7.346
7.428
7.457
7.058
7.475
7.486
7.263
7.588
7.132
7.609
7.363
7.411
7.498
7.397
7.111
7.497
7.296
7.431
7.272
7.428
9.120
7.540
6.938
7.063
7.290
7.465
7.243
8.477
11.624
6.690
6.919
7.324
7.085
7.331
7.570
8.219
7.205
7.627
7.635
7.496
7.315
7.430
7.354
7.431
7.155
7.457
8.293
7.980
6.600
7.036
7.295
7.282
7.277
9.677
7.390
6.795
7.006
7.702
7.253
7.063
8.396
6.709
7.404
7.240
7.578
7.362
7.438
8.325
7.158
7.432
7.027
7.232
8.422
10.192
8.351
6.638
7.512
7.353
8.277
8.752
10.124
6.881
7.154
7.561
6.938
7.512
7.239
7.050
7.239
7.238
7.228
7.419
10.632
7.947
6.730
6.948
7.174
7.403
7.491
8.486
12.006
6.881
6.929
7.315
7.423
7.177
7.116
7.268
7.707
7.091
7.585
7.358
7.295
7.414
7.451
7.391
7.309
7.414
7.052
7.475
7.224
7.264
7.407
7.504
8.511
9.421
6.511
6.561
6.809
7.037
7.518
8.296
12.066
7.202
7.237
7.316
7.281
7.517
7.250
7.846
6.576
7.226
7.318
7.403
10.009
7.841
7.768
6.880
7.339
7.551
7.659
8.360
10.227
6.766
6.602
7.396
7.480
9.071
7.641
8.735
7.715
7.451
7.594
7.696
6.973
7.375
7.453
7.124
7.532
7.373
8.594
8.111
6.568
7.137
7.572
7.439
7.712
10.682
7.862
6.644
7.144
7.260
7.067
7.309
8.536
6.713
7.133
7.047
7.502
7.517
7.929
8.814
7.098
7.296
7.612
7.408
7.603
7.418
7.408
7.571
7.165
7.217
7.989
8.740
6.746
6.827
6.979
7.448
7.665
8.599
8.144
6.656
7.358
7.173
7.502
7.576
7.544
7.164
7.084
7.160
7.582
7.234
9.170
7.386
6.577
7.559
7.379
7.439
7.245
7.925
6.533
7.271
7.086
7.454
7.147
7.366
7.975
7.264
7.456
7.396
7.381
7.307
7.423
7.621
6.628
12.735
6.802
7.056
8.447
7.820
6.853
7.555
7.153
7.516
7.435
7.649
7.648
6.739
7.425
7.502
7.208
7.374
7.125
8.435
7.151
7.087
7.515
7.561
7.460
7.298
8.737
12.245
7.266
7.168
7.273
7.570
8.299
7.139
12.113
6.718
7.354
7.226
7.653
7.075
7.948
7.335
7.696
7.399
7.520
7.789
7.395
7.450
7.305
7.522
7.541
7.461
7.991
7.361
7.281
7.496
7.566
7.406
7.383
7.296
7.609
7.381
7.558
7.346
7.353
7.895
7.089
7.367
7.172
7.272
7.443
7.480
8.707
7.082
7.409
7.343
7.448
7.500
7.095
7.570
8.172
7.402
7.333
7.057
7.218
6.998
7.223
7.338
7.649
8.700
7.772
6.590
7.378
7.534
7.345
8.194
8.463
11.947
7.172
7.782
7.229
7.067
7.134
7.309
7.631
7.095
7.276
7.895
7.485
9.604
6.754
6.925
6.849
7.292
7.330
7.127
7.394
7.916
6.565
7.318
7.477
7.567
8.485
10.219
8.385
6.715
7.355
6.995
11.616
18.398
10.232
8.884
8.594
10.344
8.325
7.050
7.527
7.168
7.782
7.708
7.341
7.719
10.209
7.810
7.226
8.744
7.849
8.335
8.616
7.677
7.082
7.073
6.914
6.986
6.535
6.967
7.168
7.600
7.663
11.119
7.220
7.693
8.446
7.156
10.384
7.332
7.415
7.646
7.319
7.379
8.559
7.620
8.935
7.538
7.499
7.474
7.313
7.580
7.294
7.352
7.954
7.075
7.363
7.335
7.435
7.550
7.264
7.861
6.433
7.192
7.443
8.946
8.897
10.635
9.505
7.882
38.400
8.365
8.200
7.297
7.794
7.324
7.352
7.408
6.555
6.728
7.013
7.415
7.565
6.949
7.324
6.939
7.555
7.641
6.877
7.285
6.974
6.969
7.762
7.213
7.542
8.333
9.396
7.411
7.648
8.428
7.804
7.335
7.405
7.282
6.546
6.437
7.033
9.990
7.547
10.934
7.294
7.654
7.160
7.846
7.043
6.781
8.967
15.486
7.151
7.431
7.088
7.827
8.678
10.301
6.910
7.247
6.978
7.412
7.685
6.789
7.801
7.620
7.496
7.076
7.405
7.950
7.187
7.451
7.511
7.332
7.381
7.789
6.528
8.142
7.314
9.045
7.158
7.373
8.089
7.091
11.652
6.860
6.703
7.367
7.389
7.076
8.284
7.870
6.536
7.000
7.207
7.433
7.611
7.478
7.575
7.274
7.411
7.473
7.513
8.522
7.444
6.602
7.421
7.543
6.969
7.611
8.745
10.089
6.959
7.185
7.233
6.910
7.374
8.075
7.575
8.275
6.838
7.604
7.009
7.317
8.367
6.545
6.965
6.354
6.788
6.513
7.052
7.573
7.282
7.392
7.349
7.203
7.198
7.018
7.082
8.268
7.545
8.968
6.525
6.641
7.144
7.255
7.098
7.271
8.407
7.201
7.220
8.498
9.253
6.516
6.388
6.995
7.201
7.265
7.247
7.298
7.248
7.135
7.663
7.113
7.549
7.283
7.560
7.641
7.287
8.348
10.487
7.012
6.482
7.443
7.314
7.677
8.494
10.623
6.712
6.967
7.266
7.461
7.456
7.368
7.631
7.502
7.648
7.134
7.390
8.542
7.413
6.700
7.477
8.059
6.764
7.073
7.349
7.765
7.360
7.461
7.060
7.137
7.293
7.299
7.138
6.652
8.073
7.862
7.034
7.318
10.168
7.192
6.678
7.166
7.095
6.862
9.026
10.707
7.241
7.305
7.564
7.638
8.417
9.476
7.028
6.910
8.178
7.279
7.578
6.918
6.823
7.538
7.164
7.679
7.362
7.477
7.585
7.336
7.533
7.379
7.351
8.003
8.684
8.230
6.769
7.095
7.295
8.516
7.213
10.440
7.187
6.544
7.365
7.508
7.313
7.232
8.118
7.168
7.327
7.350
7.340
7.453
6.980
7.139
7.190
7.415
7.397
6.998
7.273
7.571
7.811
7.239
7.476
9.600
7.439
7.375
7.367
7.570
7.099
7.398
7.086
7.820
7.187
7.410
7.370
7.760
8.946
7.836
6.699
6.983
7.350
7.027
7.389
9.883
9.016
6.676
7.116
7.506
7.390
7.515
7.356
7.391
7.117
7.018
7.554
7.421
7.517
7.706
7.293
7.463
7.390
7.351
7.408
7.364
8.172
7.326
7.613
7.581
7.302
7.528
7.540
6.936
7.319
7.397
8.311
8.676
6.773
7.015
7.713
7.243
7.406
8.271
7.941
6.819
7.220
7.452
7.121
7.657
7.061
7.771
6.675
7.072
7.479
7.358
7.916
7.465
8.467
7.019
7.576
7.027
7.460
13.974
7.366
6.806
7.320
7.409
7.373
7.595
8.680
8.228
6.607
6.864
7.413
7.411
7.583
7.359
7.737
7.118
7.307
7.495
7.305
8.428
7.884
6.504
7.107
8.500
7.354
7.387
12.208
7.103
6.971
7.257
7.471
7.646
7.520
8.621
7.149
7.200
7.344
7.405
7.417
7.413
7.387
7.418
7.373
7.165
7.343
7.576
7.989
7.352
6.948
7.274
7.183
8.778
7.424
6.770
6.633
7.310
6.946
7.390
9.692
8.840
6.798
7.827
7.270
7.241
7.379
8.081
7.438
7.471
7.359
7.391
7.725
7.445
7.412
7.330
7.162
7.367
7.332
8.344
9.440
6.705
7.293
7.246
6.970
7.651
9.613
8.055
6.521
7.267
7.055
7.496
7.365
7.403
8.393
7.207
7.149
6.980
7.346
7.333
7.416
8.465
7.203
7.420
7.852
7.251
7.448
7.454
7.358
7.331
7.885
7.319
7.414
7.687
7.288
7.525
7.658
7.395
7.457
7.425
7.267
7.351
7.488
8.358
9.574
6.629
7.473
7.409
7.377
7.268
8.829
7.315
6.594
7.148
7.428
7.551
7.096
7.094
7.352
7.559
7.266
7.589
6.950
8.499
9.422
7.216
6.591
7.335
7.318
7.469
8.927
10.876
7.150
7.028
7.271
7.420
7.190
7.522
7.753
6.962
7.306
7.489
8.640
6.850
7.408
7.269
7.421
7.319
7.477
7.113
7.850
7.110
7.676
7.156
7.266
7.354
7.347
7.188
7.287
7.445
7.187
7.342
7.399
7.665
7.243
7.325
7.202
7.430
8.325
9.658
8.493
6.640
7.555
7.243
7.863
6.751
9.477
7.037
7.097
7.760
7.310
7.455
7.157
7.831
7.175
7.312
7.395
7.533
7.736
7.693
7.113
7.137
7.491
7.310
8.487
9.815
8.431
6.516
6.941
7.280
7.889
7.228
10.994
7.655
6.914
7.443
7.418
7.268
7.711
7.597
7.805
7.702
7.682
7.695
7.129
7.408
7.430
7.117
7.335
7.325
7.418
7.540
7.846
7.136
7.261
7.460
7.448
7.185
8.139
7.322
7.188
7.538
7.455
7.276
6.992
7.273
7.295
7.315
7.768
7.394
8.619
9.877
6.585
6.758
7.632
7.344
7.350
8.512
10.171
6.687
6.713
7.661
7.608
7.588
8.536
11.799
6.523
7.797
7.588
7.642
8.860
10.267
6.848
6.952
7.646
7.837
7.470
8.398
8.642
6.621
7.099
8.308
7.421
8.224
7.259
7.283
7.584
7.338
7.077
7.498
8.021
7.812
7.297
7.414
7.279
7.429
7.843
7.242
7.253
7.434
7.419
7.432
7.240
7.621
6.917
7.558
7.438
7.417
7.040
7.431
7.201
7.532
7.634
7.419
7.393
7.714
7.769
7.466
7.584
7.327
7.316
7.863
7.236
7.138
7.276
7.204
7.524
7.495
7.472
7.330
7.461
7.633
7.524
6.987
7.723
7.211
7.627
7.211
9.056
8.025
6.618
7.394
7.531
7.225
7.346
11.265
7.500
6.595
7.237
6.944
7.472
7.278
7.927
6.805
7.438
7.335
7.499
7.352
8.537
12.086
6.730
7.151
7.504
7.356
8.197
6.788
7.768
6.597
7.230
7.367
7.213
7.655
7.291
7.690
7.547
7.551
7.553
7.514
7.066
7.554
7.348
7.440
7.491
7.480
7.317
7.424
7.062
7.320
7.045
7.008
7.295
7.360
7.424
6.948
7.478
7.274
7.476
8.615
11.145
6.659
7.027
7.632
7.263
8.147
7.176
8.348
7.914
6.615
7.250
7.986
7.854
7.407
7.501
7.566
7.582
7.468
7.451
7.335
7.959
7.329
7.637
7.308
6.999
7.603
7.496
7.601
7.473
7.895
7.499
7.833
7.183
7.474
7.964
7.333
7.401
7.477
7.157
7.260
7.660
7.555
7.477
7.263
7.626
7.371
7.480
7.449
7.551
7.589
7.100
7.475
7.865
7.799
7.430
7.463
7.465
7.421
7.338
7.312
7.336
7.473
6.971
7.015
7.293
7.361
7.291
7.113
7.235
7.398
7.330
7.302
7.644
7.627
7.308
7.340
7.421
7.413
7.282
7.336
7.463
8.574
12.638
7.687
7.100
9.410
9.254
8.708
8.291
6.772
7.104
7.400
7.582
7.450
8.440
8.395
6.651
6.960
7.162
7.124
7.568
8.073
7.199
7.211
7.611
7.131
7.463
8.007
8.353
7.041
7.016
7.967
7.398
7.688
7.838
7.042
7.167
7.286
7.614
7.442
7.535
8.318
7.555
7.275
7.524
7.419
7.408
7.313
7.206
7.329
7.469
7.232
8.457
9.436
6.656
6.454
7.262
7.434
6.975
8.565
10.692
8.493
6.737
7.419
7.325
7.179
7.107
7.380
7.355
7.441
7.388
7.303
8.559
8.345
6.626
7.053
7.481
7.305
7.446
12.236
6.763
6.531
7.496
7.251
7.357
7.095
8.163
7.065
7.442
7.310
7.322
7.195
7.090
7.247
7.598
7.421
7.075
7.346
7.298
8.552
11.860
7.215
7.383
7.185
7.558
8.245
11.106
7.247
7.286
7.217
7.357
7.464
7.170
7.216
7.429
7.346
6.952
7.212
7.788
6.635
7.267
7.407
7.328
7.415
7.242
7.553
7.638
7.549
7.303
7.556
7.538
7.344
7.576
7.357
7.297
7.203
7.562
7.129
7.436
8.855
7.672
6.648
7.654
7.345
7.985
7.468
6.771
7.588
7.710
7.651
7.184
7.477
7.806
8.146
9.297
7.125
6.464
7.719
6.937
7.382
7.280
7.534
7.443
7.471
7.935
7.360
8.501
8.549
7.868
6.545
7.529
7.270
7.633
6.943
7.311
7.385
7.208
8.143
7.015
7.279
8.455
9.975
7.187
6.683
7.514
7.384
7.510
8.449
10.409
6.818
6.608
7.043
7.377
7.554
7.534
7.493
7.821
7.539
7.501
7.392
7.472
7.280
7.066
8.426
7.847
7.349
8.446
8.537
6.567
7.433
7.196
7.257
7.525
9.367
7.677
7.180
7.564
7.059
7.389
7.417
6.917
7.355
8.603
7.254
7.515
7.467
7.308
7.488
7.191
6.938
7.481
7.293
7.373
7.066
7.387
8.326
7.306
7.143
7.751
8.415
8.242
6.726
7.796
7.060
6.925
7.589
7.312
7.200
7.493
7.173
7.462
8.153
7.178
8.661
8.207
7.993
6.697
7.635
7.214
7.799
7.221
7.420
7.648
7.399
10.329
7.393
7.437
7.356
7.258
7.632
7.477
7.302
8.496
9.575
6.782
7.056
7.236
7.493
8.026
8.431
7.738
6.560
7.027
7.393
7.089
7.789
7.563
8.918
7.693
7.761
7.470
7.889
7.470
7.338
7.333
7.481
7.659
7.450
7.720
7.291
6.904
7.487
7.464
7.577
7.577
7.494
7.420
7.361
7.416
7.574
7.621
7.472
8.277
7.648
7.079
7.439
7.441
7.296
8.187
6.640
7.275
7.624
7.209
7.437
7.603
7.608
7.081
7.608
7.593
7.345
7.441
7.393
7.646
8.311
7.376
7.688
7.106
7.555
7.314
7.128
7.252
7.460
7.080
7.300
7.877
7.036
7.297
8.388
8.587
7.443
6.441
7.722
6.634
7.375
8.880
7.873
7.413
6.920
6.515
7.164
7.297
7.714
7.486
7.474
6.611
7.609
7.503
7.731
8.479
9.368
7.188
6.444
6.747
7.283
6.974
7.553
7.373
8.450
6.905
7.283
7.510
8.586
9.526
6.747
7.745
6.950
7.254
7.250
8.586
9.745
6.598
6.583
7.418
7.480
7.477
7.174
7.316
8.187
7.065
7.484
7.379
8.506
8.125
7.844
6.620
6.844
7.214
7.402
8.352
8.069
7.045
6.523
7.146
7.293
7.218
7.463
7.410
7.837
6.792
7.172
7.311
10.263
7.296
6.603
7.958
6.566
7.567
7.377
8.693
7.537
7.069
6.355
6.672
7.637
7.346
7.381
7.495
7.646
6.533
7.238
7.347
7.378
9.686
8.105
7.838
6.788
7.937
7.408
7.198
8.485
9.656
6.871
6.405
7.132
7.614
7.431
7.405
8.388
6.594
7.557
7.397
7.480
7.483
8.459
11.771
6.915
7.126
7.106
7.457
7.258
7.386
7.573
7.351
7.181
8.318
7.302
7.450
7.311
7.245
7.262
7.330
7.584
8.825
9.171
7.283
6.446
7.572
7.282
7.509
8.402
9.099
6.949
6.677
7.212
7.489
7.070
7.705
6.680
7.162
7.306
7.593
7.335
7.329
8.423
6.736
7.415
7.043
7.772
7.319
7.358
8.391
11.321
7.258
7.295
6.823
7.359
8.373
6.667
12.135
6.676
7.523
7.501
7.444
7.183
7.098
7.543
7.269
7.543
7.175
7.885
7.711
7.707
7.480
7.666
7.226
7.571
8.529
7.709
7.841
7.487
7.648
7.500
8.210
7.302
7.370
7.715
7.177
7.584
7.502
8.290
7.597
7.493
7.204
7.683
7.297
8.142
6.518
7.558
7.055
7.446
7.621
7.391
8.482
7.009
7.245
7.447
7.349
7.202
7.606
7.309
7.503
7.333
7.369
7.237
7.488
7.397
7.432
7.499
7.290
7.469
7.425
7.505
8.615
9.161
10.716
6.623
7.542
7.241
8.239
7.232
13.408
7.022
7.190
7.434
7.514
8.688
11.580
7.280
7.108
7.483
7.463
8.175
6.924
11.749
6.858
7.872
7.396
7.700
8.355
6.947
7.482
7.545
7.657
7.873
7.682
8.446
7.450
7.544
7.095
7.629
8.266
7.696
8.078
7.468
7.354
7.485
7.697
7.354
7.796
6.935
7.349
7.747
8.567
9.383
6.834
8.182
6.748
7.757
7.953
8.990
7.423
7.096
7.795
6.888
7.385
7.805
7.553
7.270
7.411
7.415
7.300
7.464
7.581
7.403
7.612
8.022
7.578
7.531
7.675
7.437
7.598
8.066
6.718
7.382
7.415
8.202
7.267
7.734
8.880
7.972
7.381
7.277
7.664
7.486
7.425
7.565
7.495
7.202
7.722
7.616
7.644
7.483
7.201
7.826
7.020
7.636
7.311
7.292
7.212
7.506
7.348
7.395
7.531
7.654
7.248
6.973
7.335
7.578
7.532
7.422
8.631
11.666
6.967
7.567
7.564
7.495
7.480
8.870
6.877
14.229
6.790
7.678
7.370
7.536
7.137
7.567
7.244
7.242
7.459
7.533
7.521
7.320
7.442
8.438
7.504
6.949
7.339
8.432
6.946
7.402
7.515
7.490
7.342
8.477
9.912
6.490
6.976
7.266
7.391
7.496
8.550
10.980
6.740
7.018
7.392
7.305
7.401
6.369
8.403
7.288
7.292
7.108
9.487
7.454
7.326
7.367
7.390
7.419
7.264
7.315
7.735
7.407
7.666
7.556
7.332
7.533
7.237
7.281
7.368
7.603
7.398
7.765
7.606
7.459
7.485
7.537
7.364
7.364
7.484
7.885
7.876
7.282
7.645
7.287
7.335
7.494
6.761
7.357
7.312
7.320
7.302
7.143
7.617
7.367
7.257
7.417
7.265
8.704
7.776
6.753
7.347
7.450
7.759
7.099
8.507
12.124
6.925
7.161
7.248
7.414
7.555
7.396
7.692
7.539
8.509
7.572
7.434
8.265
7.390
7.331
7.482
7.222
7.336
7.140
7.164
7.329
7.578
7.377
7.629
7.326
7.378
7.502
6.979
7.542
7.253
7.627
7.468
7.457
7.225
7.332
6.990
7.257
6.968
7.290
7.378
7.388
7.256
7.296
7.423
8.140
7.564
7.227
7.194
7.306
7.238
7.175
7.823
6.736
12.389
6.731
6.988
7.597
7.528
7.389
8.219
8.644
6.833
6.992
7.111
8.427
7.254
7.448
7.091
7.467
7.470
7.484
12.117
7.364
7.128
7.737
7.388
7.550
7.477
8.093
6.756
7.946
6.685
7.141
7.415
7.275
7.497
6.994
7.818
7.437
7.718
7.502
7.181
7.398
7.406
7.426
7.062
7.460
7.190
8.521
10.333
7.239
6.645
6.995
7.325
8.601
6.841
11.296
6.554
7.370
7.006
7.644
7.684
7.026
7.109
7.312
7.342
7.084
9.138
7.228
7.403
7.555
7.127
7.270
7.379
8.027
7.518
7.670
7.542
7.036
7.529
7.478
7.237
7.420
7.454
7.522
7.434
9.074
10.381
7.676
7.050
7.350
7.584
8.226
9.031
7.493
6.740
7.440
7.573
7.476
7.480
7.375
7.369
7.573
7.291
7.330
7.439
8.645
13.432
6.737
7.230
7.323
7.241
8.628
12.277
7.296
7.301
7.236
7.381
7.315
6.559
7.586
7.958
7.283
7.459
7.030
7.540
6.831
7.283
7.230
7.418
7.301
6.990
8.303
7.071
8.676
7.479
7.446
8.038
7.997
7.275
7.820
7.550
7.480
7.542
7.327
7.199
7.354
7.425
7.617
7.770
7.452
7.762
8.123
7.552
7.379
7.693
7.409
7.421
8.588
7.929
7.174
7.659
7.569
7.087
7.619
8.085
6.986
7.281
7.420
6.970
7.334
7.275
7.124
7.633
7.245
7.270
7.422
7.361
7.946
7.340
10.844
7.272
6.436
7.224
7.500
6.757
6.736
11.097
6.677
6.882
7.461
8.079
7.296
7.345
6.955
7.702
7.397
7.323
8.075
7.788
7.357
7.594
7.073
7.442
7.419
7.495
8.666
6.510
7.186
7.331
7.396
7.621
7.577
7.364
7.450
7.544
7.364
7.519
8.018
7.708
7.302
7.330
7.543
7.129
7.763
6.883
7.356
7.303
7.277
7.321
7.462
7.605
6.788
7.235
7.636
8.747
7.244
7.467
8.160
6.980
7.412
7.415
7.419
7.159
7.288
8.811
13.857
6.722
6.620
7.281
7.271
7.472
7.576
8.343
10.435
6.649
6.973
7.562
7.583
7.492
6.877
7.562
7.443
7.179
7.556
6.989
8.266
7.181
7.088
7.298
7.054
7.283
7.239
8.562
7.285
7.035
7.248
7.540
6.880
7.475
10.605
7.571
6.573
7.415
7.250
7.147
7.834
7.438
13.971
6.751
7.107
7.113
7.698
7.606
7.417
7.117
7.460
8.029
7.355
8.118
8.433
7.002
7.632
7.063
7.456
7.839
6.798
7.830
7.229
7.040
7.724
7.341
8.553
7.176
7.436
7.574
7.600
7.293
7.259
8.567
11.658
7.274
7.231
7.045
7.542
8.268
6.686
11.697
6.658
7.348
7.214
7.536
7.498
9.398
7.146
7.578
7.578
7.651
7.297
7.658
7.298
7.369
7.520
7.321
7.663
7.508
7.213
7.533
7.389
7.269
7.475
8.479
7.482
6.718
7.276
7.595
7.317
7.620
10.917
6.913
6.604
7.434
7.439
7.455
7.645
8.245
6.975
7.288
8.200
7.228
7.480
7.272
7.332
7.528
7.237
7.450
7.501
7.468
7.258
7.255
7.245
7.437
6.925
7.243
7.250
7.323
7.579
7.264
7.694
7.195
8.537
8.191
6.782
6.937
7.418
7.452
7.250
8.743
8.171
6.581
6.682
7.353
7.671
7.416
7.680
7.099
7.445
7.257
7.171
7.276
9.960
9.751
6.665
7.302
7.642
7.552
7.344
7.774
7.313
7.889
6.566
7.185
7.458
7.477
7.794
7.305
7.713
7.388
7.540
7.311
7.607
7.573
7.340
7.652
7.410
7.466
7.346
7.635
7.433
7.313
7.359
7.547
8.511
7.976
7.836
7.303
7.482
7.513
7.361
7.969
6.608
7.621
7.360
7.194
7.332
7.047
7.934
7.112
7.255
7.555
7.419
7.448
7.266
8.362
7.636
7.278
7.427
7.339
7.379
7.234
8.601
12.208
7.065
7.198
8.275
7.465
7.952
12.428
7.212
7.376
7.001
7.529
7.441
7.048
6.994
7.205
7.401
7.363
6.944
7.388
8.647
7.216
7.265
7.247
7.462
7.241
7.815
7.111
7.603
7.406
7.290
7.616
7.887
6.837
7.001
7.484
7.082
7.653
7.509
7.832
6.857
12.650
6.685
7.076
7.052
7.024
7.269
9.115
8.003
6.464
6.825
7.609
7.520
7.675
7.378
7.336
7.767
7.084
7.477
7.449
7.346
7.419
7.478
7.529
7.130
7.414
10.106
7.385
6.415
7.508
7.396
7.410
7.347
8.544
9.790
7.174
6.675
7.350
7.927
7.011
7.595
7.184
7.377
7.341
7.617
7.284
7.485
7.484
7.564
7.592
7.730
7.989
7.067
8.679
7.625
7.123
7.840
7.536
7.546
7.700
7.397
7.673
7.830
8.038
7.798
7.539
7.461
7.553
7.570
7.396
7.617
6.864
7.165
7.676
7.694
7.331
7.541
7.063
7.568
7.560
7.294
7.031
7.280
7.240
7.400
7.541
7.291
8.786
7.396
7.144
7.300
7.551
7.985
7.556
8.497
8.377
6.955
7.011
7.923
6.456
8.049
8.376
8.143
6.628
7.218
8.050
6.777
7.201
7.468
7.626
7.072
7.424
7.489
8.596
7.608
7.379
7.309
7.408
7.254
7.613
6.979
7.556
7.418
7.419
7.711
7.354
7.422
7.554
7.342
7.284
7.571
7.385
7.102
7.393
7.473
7.362
8.028
7.100
7.238
7.344
7.279
7.119
7.341
8.111
7.036
7.333
7.550
7.260
7.461
7.305
7.225
6.946
7.272
7.349
7.534
7.307
7.839
8.179
10.944
6.870
7.033
7.283
7.733
7.458
6.873
8.478
6.704
7.482
7.639
8.410
7.205
7.298
7.391
7.187
7.364
7.450
7.251
7.494
7.069
7.503
7.440
7.476
7.289
7.419
6.894
7.289
7.254
7.304
7.217
7.513
7.572
7.309
7.736
7.032
7.312
7.407
7.204
7.383
7.292
7.266
7.452
7.293
8.783
9.578
6.780
7.708
7.301
7.416
7.623
11.721
6.960
7.279
7.452
7.426
7.335
7.096
7.085
7.092
7.419
7.251
7.599
7.233
7.157
7.140
7.471
7.426
7.552
7.555
7.929
7.298
7.394
7.276
7.276
7.532
9.972
9.155
6.553
7.551
7.326
7.640
7.561
8.532
7.131
8.132
9.643
6.894
7.060
7.278
8.520
7.658
7.826
7.317
7.403
7.921
7.625
7.302
7.491
6.997
6.996
7.377
7.440
8.552
12.478
9.375
7.808
7.513
7.534
8.438
9.962
6.600
6.654
7.594
7.372
7.725
8.074
7.571
7.482
7.413
7.471
7.512
8.103
7.017
7.281
7.565
7.447
7.421
7.426
8.660
7.217
7.011
7.330
7.055
7.424
7.422
7.547
7.421
9.793
7.489
7.480
7.599
7.218
7.698
7.756
7.396
7.000
7.297
7.322
7.467
7.373
7.341
8.378
6.960
7.700
7.905
7.641
7.213
7.100
7.353
7.304
7.608
7.344
7.336
7.461
7.410
7.746
7.202
8.125
7.533
7.502
7.403
7.539
7.276
7.494
7.585
7.379
7.290
7.435
7.274
7.277
7.321
7.002
7.248
7.330
7.157
7.254
7.522
7.244
7.385
7.016
7.259
7.295
7.037
7.392
7.404
7.388
7.281
7.329
6.977
8.443
9.707
6.498
6.596
7.293
7.234
7.286
7.264
7.439
7.422
7.269
7.465
7.275
7.543
8.549
13.440
6.801
7.178
7.242
7.792
7.361
7.504
7.323
7.307
6.866
7.492
7.376
8.748
10.581
7.173
6.494
7.212
7.381
7.624
8.557
9.751
6.642
6.902
6.957
7.467
7.212
8.210
7.619
7.687
7.651
7.081
7.463
7.459
7.635
7.585
7.525
7.508
7.666
7.393
7.518
7.628
7.359
7.404
7.468
7.457
13.733
8.374
7.377
7.299
7.247
7.320
7.384
8.495
11.728
7.146
6.492
7.097
7.242
7.552
7.693
7.036
7.561
7.369
7.305
7.601
6.974
8.231
7.214
7.489
7.487
7.262
7.236
7.316
8.427
10.961
6.943
7.221
7.433
7.458
8.855
11.402
7.307
7.498
7.282
7.397
7.824
7.144
7.664
7.475
7.499
7.117
7.523
7.672
7.311
7.216
7.451
7.518
7.752
7.494
8.098
6.984
7.428
7.048
7.109
7.496
8.098
7.326
7.472
7.395
7.777
7.511
6.951
11.851
7.253
7.325
7.109
7.230
7.851
7.114
8.459
6.802
8.023
6.696
7.074
7.415
7.367
7.665
7.167
7.716
7.416
7.709
8.052
7.061
7.282
7.032
7.466
7.283
7.796
7.155
10.668
7.335
6.895
7.447
7.461
7.209
7.299
8.213
6.570
7.782
6.580
7.056
7.454
7.593
8.838
7.279
8.155
7.170
7.473
7.457
7.389
12.862
7.338
7.239
7.193
7.155
7.340
7.496
8.073
6.890
10.312
6.593
7.482
7.429
7.538
8.358
7.011
7.205
7.670
7.455
7.642
7.298
7.248
7.059
7.275
7.250
7.465
7.026
7.614
6.903
6.890
7.186
7.233
7.563
7.272
8.996
7.018
7.478
7.125
7.245
7.258
7.519
7.349
7.168
7.259
7.327
7.344
7.446
7.622
8.340
9.548
6.844
6.399
8.341
7.403
7.335
7.508
10.350
6.809
7.233
7.403
7.473
8.356
7.511
7.081
7.395
7.819
7.409
7.123
12.761
7.251
7.067
7.345
7.779
7.075
7.365
7.812
6.729
7.405
7.549
7.377
7.500
7.422
7.870
10.799
7.457
6.631
7.210
7.469
7.395
8.155
7.518
7.355
7.293
7.291
7.678
7.358
7.084
7.263
7.712
7.582
7.332
7.336
7.452
7.306
7.290
7.456
7.254
7.728
8.457
8.652
6.794
7.019
7.389
7.344
7.942
8.676
7.556
6.576
7.268
7.316
7.056
7.423
7.436
7.400
6.912
8.100
7.156
7.630
7.345
7.285
7.309
7.624
8.021
7.238
8.389
9.475
7.062
6.555
8.130
6.926
7.229
8.399
9.540
6.548
6.885
7.026
6.557
7.802
8.837
9.555
6.587
6.571
7.327
6.536
7.150
7.573
7.505
6.982
7.264
8.960
7.075
7.333
7.494
7.513
7.373
7.004
7.119
7.429
7.284
7.535
7.283
7.158
7.013
7.381
8.483
9.345
6.759
6.461
7.512
7.252
7.547
8.461
9.756
6.973
6.710
7.068
7.474
7.475
8.329
9.994
6.712
7.015
7.266
7.449
7.792
7.377
7.486
7.120
7.332
7.484
7.140
7.568
7.522
7.410
7.230
7.468
7.409
7.485
7.541
7.476
7.386
7.190
7.332
9.521
7.699
6.656
7.559
6.964
7.447
7.359
10.375
7.670
6.610
8.470
6.956
7.111
7.551
7.420
8.252
7.144
7.210
7.434
7.195
7.504
7.318
7.611
7.371
7.123
7.374
7.356
7.550
7.325
7.348
7.270
7.324
8.513
7.744
6.988
7.179
7.497
7.379
7.453
9.591
7.476
6.552
7.602
7.267
7.464
7.539
7.284
7.472
7.515
7.328
7.273
6.999
11.155
7.179
6.614
7.716
7.157
7.335
7.301
8.911
9.692
7.243
6.540
7.109
7.196
7.495
7.268
7.307
8.360
7.032
7.127
7.383
8.711
8.279
6.664
7.773
7.043
7.239
7.353
7.310
7.349
7.567
7.288
7.502
7.468
7.289
8.380
8.447
6.578
7.256
7.576
7.337
7.718
7.433
8.101
7.718
7.658
7.476
7.497
6.988
7.446
7.424
7.339
7.174
7.655
8.063
7.234
7.876
7.353
7.281
7.317
7.207
7.042
8.085
7.279
7.253
7.297
8.462
9.845
6.856
6.568
7.173
7.324
7.431
8.374
9.209
7.050
6.480
7.639
7.412
7.091
7.442
7.376
8.246
6.598
7.433
7.093
7.166
7.604
7.473
9.006
7.409
7.355
7.617
7.498
7.396
7.708
7.593
7.279
7.365
8.456
7.469
8.110
7.510
7.346
7.248
7.921
9.906
6.800
6.548
7.513
8.688
7.474
7.559
7.594
7.445
7.308
7.373
7.321
7.555
7.495
7.502
7.384
7.568
7.150
7.531
7.494
7.558
7.366
7.365
7.340
7.332
7.465
7.497
7.685
7.121
7.420
7.126
7.558
7.395
7.411
8.149
7.584
7.415
7.196
7.366
7.387
7.426
7.443
7.589
7.305
7.571
7.504
7.566
7.451
7.129
7.459
7.398
7.544
7.457
7.708
7.936
6.951
7.247
7.521
7.127
7.354
7.572
7.149
7.681
7.261
7.240
7.570
7.262
7.381
7.574
7.458
7.468
7.263
7.313
7.578
8.137
7.499
7.511
7.116
7.447
7.392
7.895
6.827
7.198
7.483
7.388
7.372
7.297
7.571
6.926
7.601
7.387
7.528
7.214
7.448
8.616
9.908
6.955
7.368
7.193
8.360
8.062
12.774
7.268
7.319
7.320
7.362
8.122
6.829
7.594
7.328
7.318
7.326
7.304
7.583
6.980
7.361
7.643
7.691
7.375
7.595
8.219
7.335
7.922
7.607
7.502
7.445
7.141
10.163
10.846
6.735
6.923
7.442
7.568
7.391
8.179
8.513
7.327
6.650
7.173
7.432
7.561
7.208
7.430
7.479
7.471
7.476
7.469
7.203
8.214
7.181
7.575
7.274
7.424
7.313
10.363
9.948
6.732
7.091
7.048
7.288
7.267
7.091
8.405
8.447
9.114
6.641
7.019
7.295
7.938
6.973
7.442
7.428
7.495
7.367
7.430
7.547
7.230
7.537
7.861
7.463
7.247
7.418
8.477
7.677
7.222
7.244
7.373
8.005
7.421
7.252
7.019
7.368
7.278
7.427
10.111
7.420
6.364
7.359
7.248
7.071
7.288
8.367
12.065
7.132
7.027
7.295
7.707
8.397
10.718
7.346
6.848
7.616
7.337
7.506
6.701
7.581
7.514
7.599
7.001
7.334
7.444
7.586
7.168
7.612
7.607
8.529
7.406
7.996
7.176
7.327
7.079
7.467
7.353
7.382
7.387
7.549
7.537
7.473
7.403
7.179
8.677
11.600
6.720
7.373
7.026
7.626
6.990
7.430
8.614
8.577
6.874
6.739
8.006
7.444
7.559
7.958
7.930
7.444
7.205
7.387
7.679
8.174
6.967
7.391
7.375
7.635
7.369
7.578
8.230
6.979
6.883
7.448
7.367
7.297
7.377
7.340
7.310
7.080
7.429
6.976
7.553
7.644
6.808
7.391
7.641
7.278
7.447
7.059
8.346
7.118
7.406
7.277
7.139
7.424
7.421
7.532
7.402
7.453
7.332
7.383
7.264
7.520
10.282
7.421
6.741
7.301
7.519
7.415
7.836
7.019
10.710
6.735
6.821
7.735
6.991
8.107
7.426
7.486
6.951
7.558
7.432
7.323
8.820
11.351
6.625
6.724
7.391
7.009
8.344
11.999
7.322
7.148
7.307
7.692
7.393
7.613
7.125
7.415
7.380
7.379
7.431
10.596
7.353
6.608
7.258
7.376
7.071
7.425
8.680
11.674
7.183
7.087
7.000
7.197
8.147
7.006
11.896
6.769
7.461
7.453
7.086
7.397
7.695
7.094
7.214
7.402
7.370
7.091
7.224
7.963
7.207
7.521
7.131
7.597
7.328
7.489
7.564
8.024
7.502
7.156
7.536
7.139
7.521
7.115
7.717
7.610
7.220
7.573
7.533
7.391
7.354
7.858
7.432
7.796
7.053
9.076
8.528
7.063
6.995
7.541
7.213
7.756
7.851
7.516
7.572
7.917
7.973
7.426
8.003
7.148
7.059
6.884
6.591
6.698
7.337
6.587
6.930
6.383
6.881
6.798
7.096
6.844
7.272
8.322
7.088
6.853
7.260
7.414
7.238
7.301
9.470
10.083
8.989
6.828
6.508
6.961
6.662
8.985
10.341
6.558
7.686
7.704
8.023
7.694
8.432
7.167
7.925
8.490
7.395
7.351
7.482
7.462
9.552
7.325
8.734
7.253
6.883
7.208
7.443
7.211
7.824
8.362
9.291
11.381
7.418
6.720
7.386
7.815
7.903
8.505
8.984
7.548
7.276
7.866
7.332
7.009
7.083
7.143
7.036
8.772
9.314
7.953
7.995
7.612
7.152
7.902
8.775
7.013
7.708
9.960
12.680
8.361
9.737
11.921
7.317
7.822
6.592
6.680
10.670
6.723
6.538
7.204
7.621
6.415
7.070
7.769
7.656
7.293
7.681
7.485
7.213
8.184
7.284
7.145
7.803
6.872
7.318
8.045
7.882
7.646
7.496
7.181
7.727
7.368
7.855
8.726
7.551
8.381
7.650
9.091
7.277
7.763
7.403
7.622
7.234
7.584
7.347
7.672
7.435
7.551
7.360
7.780
7.359
7.131
7.200
8.863
10.107
7.254
7.984
9.729
8.001
9.049
8.779
7.018
6.898
7.484
7.554
9.332
8.208
9.367
7.579
8.023
8.400
7.690
12.089
14.034
8.359
9.474
7.664
7.557
7.615
6.970
7.335
7.195
8.090
8.649
7.174
7.286
7.836
7.204
8.451
9.029
8.397
6.700
7.657
7.664
7.684
8.306
8.490
8.203
7.102
7.026
7.344
7.516
8.335
7.320
7.687
7.695
7.681
7.419
7.944
7.794
8.460
7.316
7.830
7.988
8.478
7.698
6.871
7.481
7.412
8.512
7.042
7.046
7.798
7.069
7.009
7.580
7.657
7.050
7.387
7.942
8.113
8.670
7.482
6.890
7.346
7.670
7.519
8.680
8.005
7.389
7.889
7.089
8.094
7.541
8.209
7.263
7.369
7.765
7.964
7.868
8.844
11.725
7.553
6.704
7.283
7.175
7.664
8.183
15.572
7.619
7.837
8.023
7.473
9.300
10.853
6.689
6.650
7.358
7.806
7.957
9.000
8.825
7.855
7.640
7.244
7.328
7.656
7.809
7.824
7.260
7.493
7.969
7.446
7.438
8.573
7.526
8.144
7.295
7.315
7.583
8.027
7.838
7.836
7.442
8.400
7.218
9.252
7.713
7.920
7.170
7.941
7.468
7.238
8.061
7.161
7.697
7.307
8.334
7.131
7.432
7.548
7.691
7.455
8.251
8.069
7.074
7.813
7.496
7.949
7.559
7.856
6.385
7.741
7.281
7.384
8.980
8.420
7.244
7.961
6.928
7.419
8.353
11.149
6.761
7.141
7.611
8.638
7.846
8.567
8.563
6.961
7.803
7.304
7.341
7.583
6.884
14.653
7.198
8.998
9.446
8.034
8.057
8.596
7.794
10.438
10.682
7.479
7.231
8.206
7.369
8.918
7.053
7.975
7.673
7.965
7.506
8.046
7.797
8.630
8.225
6.681
6.968
8.505
7.453
7.894
7.461
7.704
6.957
6.757
6.948
10.128
8.303
7.619
8.213
7.520
7.637
9.032
7.696
7.830
7.880
7.297
7.603
7.073
7.465
7.584
7.141
8.504
7.493
7.404
7.073
8.104
7.430
7.511
7.478
7.580
7.187
7.079
7.494
7.350
7.756
7.510
7.215
7.442
7.797
7.512
7.147
7.753
7.150
7.768
6.927
8.221
8.110
7.151
7.750
7.998
7.795
8.003
8.426
6.922
7.748
7.376
8.527
7.233
7.653
7.250
7.941
7.745
7.273
7.407
7.873
8.393
7.206
8.234
7.607
6.868
7.556
8.725
7.038
7.509
7.083
7.824
7.268
9.039
7.567
7.628
7.512
7.651
7.307
8.357
8.511
7.352
7.489
7.603
7.401
7.292
7.444
8.056
7.795
7.325
7.615
8.628
7.124
7.738
7.116
7.464
7.428
7.095
7.961
8.148
7.986
7.714
7.917
8.008
8.628
7.092
6.890
7.808
7.413
7.628
7.496
7.613
7.305
7.464
7.884
7.707
7.171
8.611
7.738
7.507
7.191
7.065
7.772
8.941
7.328
8.812
7.489
7.683
7.196
7.922
7.458
7.775
7.457
8.023
8.133
8.057
8.091
7.537
7.421
7.613
8.390
7.245
8.125
7.861
7.291
7.279
7.341
7.455
8.352
6.804
8.410
8.898
7.872
7.955
8.294
8.057
7.059
7.754
8.160
7.711
8.080
8.275
7.053
7.457
7.390
7.726
7.642
7.434
7.856
7.850
7.167
7.301
7.571
7.654
7.967
7.090
7.343
7.676
7.711
7.585
8.614
8.462
7.542
8.171
9.283
7.092
7.872
8.884
7.847
7.899
12.480
8.212
7.286
7.387
7.183
6.502
6.652
7.376
7.716
7.624
8.267
6.637
7.017
7.472
7.302
7.494
7.642
8.686
7.018
7.116
7.450
7.258
7.863
7.929
7.398
7.495
7.584
7.122
7.502
7.888
8.518
7.795
7.904
7.550
7.706
7.317
8.098
6.767
7.448
8.089
7.414
7.440
7.518
7.570
7.400
7.767
7.525
7.706
7.441
7.966
7.535
7.627
7.446
8.265
7.238
7.675
7.379
7.935
7.227
7.955
8.687
8.317
7.632
7.521
7.632
7.124
7.551
7.772
7.329
8.107
7.620
7.746
7.169
8.543
7.279
7.765
7.069
7.671
8.441
8.189
7.442
7.818
8.896
7.649
7.422
7.608
8.261
7.596
7.534
7.458
7.266
7.887
7.032
7.971
7.029
7.105
7.622
7.140
7.691
7.255
7.431
7.119
8.279
10.101
8.179
10.257
7.854
7.270
7.576
8.508
7.043
7.559
7.835
6.944
7.510
7.619
7.448
7.699
7.338
7.433
7.318
7.393
8.753
7.952
8.453
8.035
7.522
7.746
8.270
7.360
7.388
7.483
7.307
7.317
7.384
7.701
7.660
7.805
7.417
7.409
7.609
7.205
8.250
6.934
7.571
7.381
8.223
7.930
7.276
7.543
7.168
7.894
7.716
8.358
7.241
7.283
7.273
7.516
6.840
7.458
7.970
7.570
7.684
7.708
6.944
8.267
8.139
6.982
7.768
7.879
7.449
7.483
7.623
8.439
7.341
8.166
8.650
7.101
7.952
7.300
7.384
7.480
7.480
7.523
7.193
7.435
8.469
7.464
7.916
7.566
7.699
7.846
8.650
7.836
7.563
7.314
7.317
7.473
8.906
7.506
7.592
7.807
7.619
7.318
7.751
7.541
7.537
7.095
8.447
7.497
7.350
8.779
8.030
7.425
7.678
7.948
7.570
7.692
8.044
7.398
7.483
7.546
7.397
8.074
7.186
7.284
7.423
7.949
7.654
7.536
7.398
7.208
6.912
9.224
7.145
7.903
6.565
8.250
7.307
7.333
9.347
7.844
8.107
7.686
7.810
6.732
7.358
7.395
7.834
7.368
8.476
7.346
7.429
8.266
7.296
8.451
7.212
7.593
7.379
7.389
7.666
7.146
7.491
7.702
7.966
7.624
9.642
8.632
7.245
7.964
7.721
7.467
7.555
7.669
7.275
7.373
7.730
7.064
7.556
7.919
7.563
7.277
7.713
7.825
7.641
7.690
6.834
8.597
7.189
7.207
7.340
8.088
7.797
7.255
7.595
7.838
7.765
7.396
7.531
7.735
7.389
7.550
7.777
7.393
7.408
7.894
7.605
7.536
7.395
7.815
7.791
7.344
7.434
7.262
7.896
8.169
7.315
7.486
7.583
7.576
7.227
7.711
7.335
7.808
7.237
7.319
7.153
7.965
7.412
7.614
7.749
7.679
10.111
7.917
7.803
8.033
7.191
7.873
7.521
7.977
7.869
8.131
6.788
7.808
7.172
7.482
7.565
7.454
9.605
7.021
7.876
8.477
7.805
7.849
7.653
8.869
6.487
8.545
7.367
7.841
8.039
7.717
7.432
7.656
7.443
7.512
7.708
8.192
7.902
7.365
7.530
7.427
7.175
7.558
7.839
6.949
7.553
7.520
7.237
7.815
7.768
7.494
7.659
8.574
8.005
7.687
7.895
8.212
8.869
7.795
8.020
7.208
7.643
7.828
7.516
7.995
7.455
7.587
7.309
7.172
7.146
7.413
7.641
7.456
7.833
8.343
8.193
7.738
8.184
7.585
7.939
7.524
7.316
8.858
7.450
7.078
7.567
6.902
8.391
7.371
7.430
8.218
7.313
7.809
7.630
8.246
7.220
7.730
7.448
7.369
7.049
7.361
7.884
7.190
8.136
7.015
7.722
7.851
9.488
8.931
8.168
7.633
7.081
7.618
8.199
6.798
6.955
7.572
7.568
7.832
8.113
11.188
6.927
7.013
7.411
7.385
7.666
7.413
7.060
7.742
7.818
7.868
7.726
9.089
7.582
7.453
7.439
7.677
7.365
7.839
7.784
7.467
7.473
8.040
7.571
8.067
7.086
9.001
7.873
7.520
7.997
7.773
7.445
8.258
7.192
7.653
7.699
7.646
7.559
7.692
7.625
7.538
7.712
7.801
7.261
7.776
7.598
8.009
7.446
7.372
7.562
7.853
7.287
7.829
8.728
7.677
7.807
8.941
7.459
7.368
7.708
9.053
7.109
7.162
7.359
7.670
7.980
7.439
7.600
8.724
7.754
6.963
8.288
6.949
8.259
7.450
8.340
7.619
7.901
7.572
7.727
7.705
7.612
7.660
7.593
7.265
7.455
8.527
7.253
7.525
7.640
7.703
7.348
7.930
7.551
7.727
7.688
8.210
7.708
7.406
7.594
7.814
7.580
7.886
7.571
7.371
7.539
7.697
7.001
7.968
7.442
7.342
7.623
7.579
7.503
7.658
7.302
8.444
7.681
6.874
7.961
8.409
7.925
7.865
8.836
7.757
8.453
8.960
9.730
8.417
7.835
7.974
7.903
10.284
11.702
7.425
7.697
7.047
6.900
6.478
7.712
7.289
7.640
7.324
7.424
7.511
7.521
7.878
7.863
7.480
7.809
7.675
7.870
8.456
7.917
8.968
7.627
7.357
7.110
7.569
7.540
7.129
7.271
7.780
7.485
7.792
7.144
7.096
7.669
7.467
7.501
7.496
8.067
6.973
7.158
7.457
7.721
7.596
7.617
7.558
7.411
7.448
7.269
7.537
7.401
7.603
7.885
8.177
7.211
7.246
7.189
7.415
7.340
7.122
7.266
7.541
9.396
7.440
7.486
7.317
7.299
7.439
7.353
7.462
8.401
8.060
6.332
7.135
7.154
7.399
7.362
7.350
8.140
7.854
6.718
7.463
7.143
8.318
7.032
7.375
7.181
7.696
7.507
7.578
7.967
6.834
7.213
8.008
7.221
7.474
8.151
7.088
7.206
7.514
7.342
7.293
7.372
9.739
10.414
6.567
7.361
7.504
7.021
7.400
7.390
8.452
8.658
6.669
6.958
7.460
7.187
7.693
7.408
8.020
7.470
7.099
7.718
7.404
8.368
7.148
7.294
7.249
7.493
7.212
7.884
6.884
7.176
7.238
7.590
7.129
7.342
8.310
9.466
7.822
6.607
7.734
7.593
7.537
7.579
9.325
7.622
6.791
7.713
7.749
7.457
7.723
7.190
7.387
7.497
7.432
7.304
7.582
7.669
6.817
7.424
7.181
7.201
7.682
7.318
7.431
6.998
10.448
6.678
6.905
7.281
7.371
7.929
8.348
8.406
6.737
7.060
7.485
7.781
7.789
7.025
7.650
7.518
7.387
7.201
7.669
7.743
7.046
7.799
7.482
7.449
7.190
8.426
7.309
7.344
7.600
6.995
7.397
8.702
8.496
6.490
6.986
6.999
7.328
7.329
8.475
13.188
6.586
7.377
7.416
8.498
7.546
7.118
7.166
7.306
7.164
7.495
7.242
7.512
7.386
7.522
8.165
7.111
7.542
7.531
7.430
7.232
7.660
7.434
7.314
7.273
7.421
7.590
7.206
7.521
7.507
7.511
7.560
7.392
7.536
7.232
7.587
7.546
7.513
7.366
7.469
7.391
7.281
7.611
7.412
7.302
7.275
7.003
7.545
7.612
7.278
7.612
7.231
7.248
7.780
7.744
7.446
7.569
8.016
7.378
8.027
7.166
7.542
7.411
8.362
7.595
7.483
7.683
7.811
8.067
6.775
7.945
7.589
7.789
7.705
7.971
7.548
6.658
7.117
7.630
7.724
7.613
7.511
8.736
7.050
7.545
7.444
7.503
7.421
7.808
7.246
7.594
7.166
7.727
7.292
8.227
7.497
7.779
7.327
7.034
19.473
8.839
15.822
13.960
13.779
9.489
13.975
7.524
7.487
8.018
8.259
7.520
7.217
7.420
8.309
7.348
7.132
7.789
6.883
7.756
8.242
7.625
7.770
7.179
7.460
7.838
7.976
7.965
8.548
8.851
7.707
7.485
7.398
7.634
7.799
10.020
6.761
7.248
7.014
7.765
7.617
7.104
7.924
7.746
7.035
7.240
7.430
7.676
7.251
8.641
7.454
8.105
7.296
8.644
7.614
7.515
8.545
7.766
7.330
7.390
7.951
7.636
7.762
7.571
7.207
7.132
8.728
7.266
8.408
7.889
7.665
7.418
7.951
7.822
7.948
7.954
7.220
9.936
7.732
9.690
9.477
10.866
9.510
8.185
12.661
18.777
23.399
10.043
9.555
11.024
9.990
9.293
10.657
8.888
6.897
7.479
7.436
7.291
8.694
7.593
8.311
7.655
7.467
7.270
7.687
7.182
8.862
7.694
7.408
8.057
7.710
7.590
7.558
7.693
7.527
8.356
7.789
7.563
6.952
7.965
6.464
9.212
7.311
7.147
7.374
7.782
6.770
8.383
7.955
7.474
7.739
7.420
7.973
7.681
7.225
7.630
7.631
7.129
7.658
8.595
6.900
7.302
7.208
7.779
7.174
7.714
7.402
7.381
7.306
8.129
7.229
7.837
7.848
7.935
7.613
7.184
7.616
7.633
8.007
7.857
12.899
7.001
8.220
14.821
6.748
7.636
13.249
7.190
7.629
7.289
6.946
7.616
7.643
7.981
7.147
7.058
7.202
7.474
7.334
7.420
8.565
7.097
7.273
8.500
7.004
7.078
7.286
7.551
7.326
9.218
6.760
7.333
7.796
8.504
7.119
7.312
7.639
7.302
7.649
7.315
7.468
7.419
7.171
7.094
7.506
7.358
7.236
7.359
7.307
7.649
7.428
7.029
7.721
6.593
6.740
7.426
7.326
8.114
6.910
6.888
6.587
9.117
8.810
6.640
6.890
7.069
7.487
7.878
9.723
7.819
6.721
7.019
7.287
7.212
7.419
7.522
7.383
7.485
7.364
7.506
7.481
7.467
7.336
7.154
7.625
7.698
7.642
7.462
7.576
7.470
7.311
7.757
7.247
10.659
8.396
6.558
7.336
7.515
6.459
7.730
8.351
7.580
6.705
7.368
8.571
7.174
7.345
7.359
7.610
7.519
7.208
7.221
7.305
8.020
7.261
8.678
7.386
6.920
8.048
8.423
7.540
7.258
7.120
7.398
7.307
7.213
9.260
7.808
6.353
7.609
7.021
7.537
7.668
8.423
7.987
6.678
7.102
6.697
7.211
7.489
7.256
7.115
7.307
8.186
6.877
7.221
9.340
7.851
6.681
7.526
8.251
7.068
7.321
8.053
9.330
6.608
6.938
8.138
6.992
7.359
7.061
8.356
7.189
7.779
7.180
7.505
6.842
7.380
7.454
7.149
7.603
7.330
7.241
7.279
7.512
7.395
7.421
8.090
6.815
9.502
7.703
6.549
7.327
7.506
6.652
7.866
8.538
9.599
6.718
7.124
8.912
7.054
7.405
7.450
7.578
7.418
7.343
7.292
7.269
10.457
7.644
6.797
7.907
7.100
8.005
7.774
8.676
8.374
6.994
7.329
7.791
7.355
8.339
7.207
8.773
7.295
7.358
6.986
9.169
7.536
8.348
7.976
8.279
7.671
7.557
8.518
7.165
7.987
6.907
8.187
7.480
7.568
7.438
7.586
8.085
7.976
7.427
7.531
7.569
7.939
8.351
6.986
7.879
7.267
7.650
7.467
8.975
8.521
6.927
7.543
8.997
6.541
7.099
6.811
8.991
8.127
7.403
7.832
8.596
7.402
7.590
8.254
7.372
7.849
8.553
7.632
7.683
7.643
7.149
8.004
7.076
8.271
8.119
7.640
7.484
7.496
7.388
7.360
8.086
7.288
8.075
7.575
7.706
7.296
7.754
7.447
7.337
7.098
7.320
7.752
8.546
7.546
8.325
8.376
11.423
10.753
11.163
9.227
7.596
6.566
7.027
7.740
6.969
6.991
8.030
7.697
7.351
7.965
7.546
8.070
6.833
7.668
6.849
6.550
6.617
7.175
7.138
7.538
6.962
7.531
7.616
7.078
8.655
7.585
6.936
9.097
13.833
6.802
7.389
7.195
7.449
8.436
7.132
12.422
6.762
7.009
7.149
7.372
7.705
7.535
7.545
7.564
7.309
8.589
7.787
8.462
9.318
6.633
6.967
7.152
7.491
7.968
7.176
11.541
7.027
6.776
7.482
7.532
8.179
7.310
7.927
7.304
7.276
7.376
7.394
8.639
11.119
6.776
7.690
7.971
7.451
8.515
10.765
6.733
7.084
7.228
7.417
7.495
7.275
6.956
7.326
7.037
6.904
7.391
7.226
7.260
7.408
7.510
7.358
7.693
7.269
10.766
7.352
6.720
7.455
7.385
7.633
7.660
8.106
10.184
6.795
6.521
7.315
7.578
7.342
7.531
6.958
7.247
7.348
7.582
7.368
7.532
8.350
7.175
7.352
7.434
7.548
7.258
7.440
7.472
7.534
7.336
7.542
7.292
7.232
7.720
6.656
7.271
7.520
7.706
7.434
7.368
8.470
7.217
7.235
7.525
7.388
7.400
7.588
7.506
7.166
7.325
7.429
7.304
7.036
7.779
6.572
6.996
7.776
7.637
7.122
7.413
8.509
8.541
10.907
6.542
6.785
7.611
7.416
7.914
10.689
6.724
6.683
7.549
9.959
8.630
7.156
7.658
7.496
7.243
7.236
7.409
7.434
7.722
7.636
7.657
7.328
7.646
7.126
7.031
8.107
7.316
7.111
7.215
7.521
8.635
11.840
6.728
7.223
7.327
7.528
8.192
9.659
6.894
6.786
7.407
6.951
6.879
7.550
7.517
7.575
7.836
7.409
7.626
7.426
7.300
7.422
7.593
6.750
7.297
7.098
7.456
7.898
7.343
7.494
7.060
7.730
7.488
7.143
7.306
7.064
7.457
7.297
7.461
10.975
6.680
6.539
7.526
7.375
7.250
7.443
8.664
10.844
6.710
7.532
7.132
7.508
7.314
7.526
7.446
7.438
7.689
7.273
7.482
7.222
8.133
7.181
7.303
7.371
7.655
7.507
7.312
7.297
7.452
7.471
7.269
7.163
7.271
7.031
7.490
7.077
7.285
7.451
7.371
7.476
7.319
7.264
7.464
7.483
7.087
7.089
7.511
7.380
7.042
7.242
7.118
7.340
7.652
8.565
12.195
6.562
7.583
7.184
7.493
8.430
10.296
7.042
6.982
7.368
7.432
7.478
8.687
11.989
6.649
7.410
7.451
7.217
8.045
9.421
8.448
6.603
7.402
7.480
7.153
8.526
9.446
6.812
7.070
7.687
7.295
8.323
9.467
8.472
6.658
7.239
7.489
7.289
10.664
7.646
8.003
6.960
7.178
7.446
7.571
9.540
9.235
6.971
7.040
7.867
7.207
7.698
7.605
8.773
7.124
7.254
7.454
7.428
7.189
7.489
7.574
7.681
7.093
7.385
8.601
7.400
6.665
7.342
7.393
7.580
8.762
10.923
8.163
6.606
7.494
7.238
7.206
7.539
8.311
7.507
7.658
7.564
7.074
7.604
7.404
8.495
7.329
7.440
7.288
8.422
7.575
8.338
6.848
7.393
7.061
7.371
7.446
7.525
7.507
7.091
7.588
7.318
7.429
7.994
8.537
7.612
6.843
7.120
7.494
7.539
8.638
7.813
8.400
6.835
6.921
7.244
7.313
9.501
8.650
6.728
7.809
7.640
7.472
7.305
7.299
8.583
7.084
6.988
7.554
7.292
7.422
7.489
7.483
7.031
7.843
7.025
7.289
7.681
7.363
7.343
7.365
7.379
9.365
7.555
7.328
8.128
7.586
8.132
7.456
7.436
7.250
7.432
6.983
6.714
7.072
7.366
7.351
7.342
8.362
7.334
7.288
7.458
9.041
7.264
6.780
7.788
6.989
7.471
7.339
8.688
9.315
7.441
6.705
7.527
7.564
8.604
7.536
7.167
8.350
7.084
7.856
7.244
7.023
7.239
6.858
7.346
7.497
7.082
7.627
7.359
7.230
7.505
7.095
7.316
7.280
8.379
7.404
6.933
7.907
7.036
7.432
7.432
9.563
7.833
7.358
6.592
7.766
7.504
7.282
8.316
8.433
7.740
6.596
7.325
7.348
9.034
9.461
7.811
6.793
7.059
7.939
7.683
7.888
7.136
7.620
7.471
8.367
7.812
7.303
7.352
7.407
8.181
7.264
7.432
7.271
7.003
6.949
7.812
7.037
7.058
7.475
7.641
7.375
7.438
7.565
7.044
8.823
7.330
7.395
7.283
7.263
7.979
7.283
7.372
7.294
7.299
7.329
7.464
7.274
7.492
7.367
7.369
8.301
7.887
6.592
7.161
7.307
7.522
7.408
9.054
7.382
6.647
7.140
7.231
7.470
8.200
7.332
7.459
7.362
7.827
7.414
7.541
7.192
7.648
7.132
7.300
8.184
7.345
8.607
8.751
6.642
6.984
7.212
7.466
7.602
9.292
9.133
6.598
7.459
7.465
7.692
7.237
7.235
8.070
6.658
7.550
7.102
7.351
7.335
7.416
8.690
7.107
7.926
7.235
7.148
8.435
8.437
8.081
6.780
7.277
7.537
7.537
9.768
8.493
6.595
7.280
7.500
7.505
7.236
8.087
8.217
7.917
7.414
7.640
8.004
6.996
7.024
7.512
7.204
7.791
7.486
8.505
8.185
6.929
6.616
7.092
6.718
6.847
6.883
9.759
6.983
6.568
6.878
7.518
7.355
7.809
7.224
7.317
7.010
7.501
7.411
7.258
8.919
7.625
7.221
7.763
7.467
7.481
7.164
7.516
7.233
8.166
7.329
7.271
7.428
7.813
8.322
8.979
6.669
6.999
6.871
9.056
7.807
11.423
7.029
6.792
7.317
7.260
8.194
7.080
7.128
7.325
7.996
7.270
7.714
7.093
7.464
7.316
7.335
7.223
7.419
7.262
7.316
7.354
7.426
7.566
7.402
7.434
8.161
7.394
7.316
7.414
7.300
7.410
7.341
7.397
7.279
7.291
7.432
7.389
7.020
7.956
6.706
7.181
7.196
7.127
7.338
7.277
7.522
7.119
7.108
7.383
7.280
7.285
7.472
7.655
6.835
7.353
7.044
7.345
7.427
7.576
8.417
7.063
7.343
7.266
7.355
7.324
7.236
7.339
7.613
7.393
7.404
7.221
7.448
7.898
7.309
7.283
7.349
7.508
7.295
7.359
8.061
8.090
12.113
6.597
7.014
7.425
7.667
7.852
8.875
7.692
6.585
7.510
7.708
8.358
7.309
7.086
10.255
6.939
7.051
8.130
7.907
6.663
6.938
7.488
7.047
7.647
7.561
7.199
7.907
7.043
7.323
7.409
7.275
7.582
7.387
6.904
7.494
6.910
7.408
7.247
8.193
9.866
7.711
6.597
7.490
7.211
7.865
7.301
8.397
8.273
6.704
7.455
7.549
8.132
7.144
7.144
7.458
7.345
7.180
7.355
7.518
7.327
7.890
7.495
7.383
7.365
7.886
6.906
7.238
7.081
7.282
7.418
7.247
9.012
7.005
7.690
7.289
7.307
7.343
7.445
7.220
7.113
7.340
7.266
7.328
7.268
8.164
7.120
8.343
7.762
6.935
7.233
7.318
8.361
7.358
8.302
9.103
6.566
7.064
7.560
6.561
7.451
7.487
7.222
7.110
7.873
8.177
6.424
7.254
7.618
7.528
7.794
7.511
7.137
7.579
7.169
7.323
7.643
7.910
7.217
8.793
7.616
6.944
7.159
7.271
7.579
7.159
9.599
7.729
6.691
7.471
7.480
8.213
8.064
9.038
9.098
6.636
7.577
7.859
7.154
7.410
7.556
7.447
7.343
7.250
7.267
7.386
6.926
7.368
7.359
7.496
7.871
6.650
6.902
8.634
7.569
7.837
7.568
8.280
7.191
7.324
7.312
7.287
7.242
7.358
7.209
7.340
7.273
7.354
7.244
7.556
6.934
7.563
6.610
6.591
6.719
6.932
6.473
7.005
6.465
7.003
8.482
7.230
7.731
7.470
8.161
7.413
7.574
7.308
7.506
7.238
7.415
7.665
7.379
7.303
7.607
7.323
7.661
7.538
7.428
9.253
7.630
6.696
7.338
8.067
7.040
7.158
8.957
7.709
6.576
7.084
7.424
7.234
7.584
7.313
7.024
7.458
7.782
8.302
7.596
7.210
7.056
7.357
7.248
7.280
7.345
7.221
7.314
7.357
7.263
7.247
7.688
6.656
7.065
7.632
7.405
7.336
7.494
8.735
6.970
7.279
7.271
7.570
7.721
7.412
7.198
7.332
8.508
7.325
7.384
7.403
7.281
7.022
7.289
7.385
7.297
7.519
7.011
7.666
7.450
7.388
7.308
7.104
7.352
7.434
7.208
8.919
8.944
7.233
7.457
7.192
7.312
7.398
7.547
7.170
7.559
7.621
7.551
7.433
7.399
7.268
7.481
7.213
7.456
7.904
8.456
7.629
6.984
7.274
7.201
7.469
7.593
10.851
7.658
6.584
7.240
7.364
7.431
7.151
7.447
8.013
6.625
7.294
6.965
7.449
7.505
6.967
7.574
7.252
7.424
7.613
7.728
7.557
7.572
7.562
7.362
7.181
7.662
7.687
7.453
7.441
7.248
7.230
7.646
7.497
7.253
7.318
7.184
7.325
7.314
7.427
7.467
7.118
7.521
6.479
7.421
7.084
7.225
7.445
7.473
8.978
7.066
7.209
7.082
7.428
8.580
8.545
7.989
6.989
7.282
7.148
7.228
8.372
8.235
6.730
7.433
7.694
7.477
8.099
11.127
8.326
6.741
7.873
7.168
7.811
7.537
7.523
6.718
6.993
7.539
7.649
7.745
7.432
7.532
7.714
7.519
7.366
7.196
7.344
7.379
8.070
7.093
7.787
7.319
7.444
7.306
7.394
7.290
7.268
6.880
9.311
7.940
6.582
7.729
7.459
7.656
7.520
8.486
8.269
6.942
7.043
7.090
7.476
7.452
7.342
7.782
6.512
6.747
7.666
7.329
7.631
7.433
8.021
6.892
7.515
7.510
7.483
7.071
7.197
7.209
7.273
7.558
6.960
7.560
7.486
7.037
7.165
7.516
6.881
7.615
8.614
7.850
7.253
6.937
7.019
7.123
7.538
8.654
10.436
6.565
6.968
7.321
7.325
7.387
7.209
8.443
7.077
7.121
7.306
7.569
7.253
7.482
7.279
7.642
7.361
7.087
7.654
7.408
7.316
7.100
8.657
7.739
7.110
7.311
7.424
7.343
7.384
7.285
7.035
8.471
7.599
6.741
7.232
7.606
7.470
7.639
11.328
6.802
7.447
7.170
7.399
7.411
7.666
8.097
6.756
6.992
7.473
7.287
7.275
8.693
13.095
6.733
6.855
7.295
7.532
8.502
9.138
7.664
6.613
7.725
7.603
7.442
7.508
8.300
6.682
7.469
7.416
7.648
7.724
7.519
8.599
7.076
7.476
7.308
7.317
7.564
7.352
7.178
9.021
7.352
8.110
7.457
7.613
7.418
7.406
7.407
7.462
7.623
7.470
7.886
7.072
7.400
7.649
7.644
7.231
7.502
8.145
7.317
7.468
7.522
8.599
8.012
6.763
7.859
7.254
7.111
7.305
8.945
7.786
7.214
6.390
7.180
7.170
7.334
10.243
7.835
6.724
7.266
7.677
7.244
7.273
8.865
8.131
6.917
7.022
7.398
7.640
8.339
7.226
7.537
7.156
7.418
8.400
7.555
7.618
7.450
8.347
7.675
7.302
7.628
7.546
7.393
7.890
6.743
7.062
7.555
8.424
10.103
6.681
7.986
6.660
7.362
7.321
8.410
8.117
6.590
7.230
7.156
7.294
7.065
7.221
6.965
8.211
6.598
6.992
7.535
7.016
7.520
7.531
9.041
7.077
7.190
7.317
7.059
7.632
7.586
7.413
7.546
7.521
7.631
7.609
7.532
7.289
7.576
7.413
7.474
8.491
7.604
6.772
6.671
7.171
7.213
7.613
10.445
7.592
6.619
7.628
7.283
7.432
7.114
7.258
7.517
8.497
7.170
7.651
7.148
7.699
7.507
7.451
7.429
7.282
7.295
8.550
8.115
6.462
7.385
8.579
7.432
7.341
10.743
7.342
6.636
7.441
7.531
7.351
7.480
9.735
7.648
7.583
7.542
7.456
7.549
7.409
7.608
7.415
7.546
7.576
7.750
7.346
7.241
7.408
7.332
7.572
7.351
7.318
7.594
7.311
7.253
7.131
7.427
7.517
7.252
7.343
7.487
7.166
7.455
7.097
8.872
7.648
6.620
7.064
7.254
7.221
7.138
8.390
11.374
6.632
7.512
7.369
7.105
7.311
7.435
7.520
7.319
7.683
7.453
7.420
8.474
10.662
6.582
6.844
7.530
7.200
7.411
7.243
10.409
7.242
6.899
7.353
7.337
7.324
7.445
7.376
7.555
7.655
7.451
7.461
7.472
7.072
8.025
7.245
7.161
7.391
7.269
7.690
7.094
7.605
7.395
7.650
7.600
7.484
7.324
7.553
7.278
7.295
7.459
7.095
7.162
7.432
7.038
7.258
7.455
7.127
7.586
7.499
7.308
7.534
7.321
7.342
7.552
7.599
7.421
7.496
7.216
7.180
7.638
7.315
7.412
6.992
7.573
7.338
7.388
7.284
7.386
9.225
7.231
7.109
7.461
7.252
7.424
7.399
8.329
7.087
7.462
6.966
7.933
7.413
6.976
7.365
7.424
7.220
7.564
10.753
7.219
7.329
6.521
6.552
7.355
7.651
8.442
8.025
9.363
7.406
7.439
7.131
7.068
8.619
7.353
7.572
7.180
7.506
7.844
7.511
7.759
7.480
7.654
7.544
7.757
7.445
7.612
7.405
7.086
7.306
7.462
8.633
12.408
6.807
6.781
7.459
7.633
8.780
10.906
7.364
7.762
7.666
8.061
7.426
6.866
7.439
7.681
7.390
7.581
7.647
7.867
8.529
7.799
7.551
7.633
7.422
7.793
7.424
7.647
7.689
7.803
7.573
7.985
6.899
7.506
7.557
7.559
7.478
7.425
8.408
7.223
7.571
7.498
8.050
7.649
7.586
7.230
7.633
7.551
7.595
7.466
7.454
7.744
7.452
7.280
7.556
7.339
7.252
7.562
10.846
8.603
6.892
7.413
7.629
7.341
7.614
8.712
8.103
6.739
7.873
7.697
7.280
7.318
7.987
6.989
7.297
7.451
7.275
7.096
7.312
7.236
7.353
7.569
7.506
7.472
7.360
8.386
12.229
6.935
7.815
7.559
7.385
7.828
13.898
7.169
7.294
7.759
7.579
7.615
7.692
7.607
7.581
7.726
7.554
7.507
7.467
7.156
7.480
8.993
9.713
8.450
7.262
7.645
6.865
7.424
7.391
7.382
7.461
7.354
7.737
7.939
8.398
7.389
7.639
7.113
7.511
8.742
6.971
7.383
7.277
7.512
7.418
8.394
7.635
7.275
7.395
8.523
7.302
7.242
6.556
7.232
7.551
7.219
9.955
8.036
7.982
6.657
7.307
6.798
7.703
8.293
10.423
6.771
7.163
7.549
7.929
7.018
7.635
9.272
7.025
7.448
7.493
7.773
7.481
7.353
6.872
7.672
7.519
7.291
7.512
7.475
7.975
7.449
7.224
7.392
7.379
7.085
7.363
8.355
7.429
7.595
8.153
9.016
6.876
7.121
7.725
7.129
7.565
8.403
8.653
7.598
7.294
6.482
7.240
7.680
8.566
8.623
6.659
7.456
6.492
7.210
7.405
8.566
8.638
6.892
7.242
7.539
7.474
7.510
7.538
7.314
7.378
8.389
7.363
8.255
7.666
7.335
7.603
7.182
7.259
7.138
7.241
7.751
7.811
8.545
7.456
6.780
7.167
7.379
7.400
8.454
7.182
9.287
7.181
7.397
7.434
7.215
7.609
7.841
8.704
9.848
6.848
6.934
8.010
7.510
7.775
8.430
9.969
6.546
7.000
7.500
7.526
7.254
7.743
7.395
7.437
7.829
7.417
7.370
7.570
7.351
7.501
7.459
7.365
7.351
7.391
7.564
7.267
7.530
7.292
7.143
8.465
7.928
6.866
7.156
7.575
7.407
7.584
11.034
6.839
6.620
7.204
7.277
7.278
7.701
7.401
7.754
8.514
7.046
7.373
7.681
7.419
7.969
7.433
7.410
6.895
7.709
7.371
7.424
7.579
7.266
7.524
7.500
7.162
8.456
9.035
6.681
6.980
7.659
7.668
7.644
8.320
7.471
6.701
7.388
7.335
7.443
7.699
7.421
7.854
6.614
7.639
7.467
7.762
7.364
7.732
7.571
7.202
7.196
7.393
7.209
7.099
8.029
6.832
7.633
7.212
7.355
7.545
7.521
7.614
7.399
7.245
7.600
7.547
8.959
8.358
7.082
7.189
7.209
7.606
7.912
9.036
9.415
6.755
7.135
7.503
7.505
7.508
7.384
7.832
6.619
7.116
7.546
7.313
7.650
7.447
7.569
6.984
7.090
7.515
7.281
7.560
7.627
7.596
7.628
7.737
7.389
7.286
7.348
7.570
7.399
7.674
7.313
7.650
8.412
7.770
8.057
6.638
7.318
7.119
7.619
7.436
7.928
7.276
7.494
7.321
7.569
7.663
8.485
13.672
7.162
7.751
7.449
7.629
7.620
7.461
7.672
7.733
7.710
8.053
7.996
8.044
9.099
7.821
7.719
7.628
7.681
7.789
6.940
7.620
7.336
7.395
7.600
7.503
8.116
6.651
7.388
7.353
7.604
7.593
7.367
7.612
6.834
7.187
7.502
7.445
7.509
7.623
8.112
6.692
7.609
7.619
7.357
7.528
7.441
7.890
8.325
10.038
6.849
7.479
7.964
7.266
8.380
7.148
10.710
7.028
6.583
6.776
7.279
8.409
7.273
6.850
7.287
7.440
7.466
7.098
7.572
8.493
9.777
6.634
6.656
7.531
7.223
7.070
8.545
9.140
6.651
6.920
7.320
7.390
7.423
7.449
7.607
7.542
7.482
7.451
7.355
7.581
7.433
7.595
7.554
8.506
7.193
7.008
7.343
7.345
7.671
7.379
6.834
7.229
7.254
7.480
7.201
7.592
7.546
7.343
7.422
7.015
7.639
7.294
7.013
8.197
7.136
7.262
7.700
7.387
7.119
7.724
7.366
7.719
7.520
7.287
7.274
7.438
7.570
7.007
6.962
7.438
7.670
7.304
7.981
7.420
7.385
7.532
7.662
7.264
7.048
7.157
7.296
7.489
7.095
8.601
7.561
7.628
7.847
7.152
7.515
7.239
7.286
7.469
7.650
7.211
7.627
7.263
7.346
7.376
7.542
8.202
7.423
7.441
7.470
7.710
7.557
7.503
7.449
7.632
7.550
8.553
7.587
6.760
7.450
7.456
7.156
7.297
7.326
7.270
7.535
7.520
7.367
7.919
7.000
7.490
7.555
8.134
6.906
7.821
7.441
7.587
7.553
7.816
6.774
7.660
7.392
7.307
8.398
8.641
8.450
6.607
7.864
7.039
7.583
15.745
7.311
6.819
6.665
7.502
7.601
8.532
7.847
6.674
7.061
7.220
7.512
7.419
9.880
10.300
6.693
7.200
7.521
7.734
7.723
7.265
7.292
7.663
7.521
7.383
7.301
7.174
8.578
6.869
7.367
7.669
7.315
7.162
7.604
8.040
9.676
6.578
7.229
6.998
7.490
7.701
7.654
7.529
7.523
7.597
8.442
7.477
7.772
7.382
7.334
6.953
7.302
7.870
9.504
9.084
7.844
6.501
7.603
7.832
7.349
7.665
7.490
7.512
8.614
9.964
8.310
8.183
7.620
7.433
7.748
11.468
7.061
7.803
6.947
6.895
7.302
7.987
7.343
7.764
7.703
7.577
7.706
7.610
7.490
7.320
8.686
7.273
7.290
7.612
7.749
7.619
8.334
7.059
7.459
7.443
7.732
7.320
8.039
7.919
6.822
7.559
6.884
7.387
7.472
