6.926
6.903
7.991
9.673
6.260
6.543
6.724
7.166
7.093
6.780
6.749
7.238
7.925
6.923
7.684
6.777
6.806
6.980
7.262
7.552
7.760
6.880
7.103
7.016
6.796
6.709
7.200
6.566
6.529
7.081
6.764
6.712
6.774
7.946
6.832
6.829
6.795
6.749
6.542
7.595
6.213
6.816
6.840
7.072
7.905
6.955
7.406
7.328
7.703
6.959
7.692
7.075
6.435
7.039
7.027
7.030
6.789
7.213
6.594
7.385
7.849
7.165
7.172
6.936
7.004
6.912
7.006
6.899
6.935
7.490
6.539
6.698
6.829
7.489
7.624
8.017
6.778
6.646
6.796
7.122
7.162
6.922
8.100
6.816
6.981
6.887
6.996
7.015
7.753
6.259
6.842
6.994
6.631
7.024
7.826
6.780
6.681
7.325
7.015
6.885
7.529
6.462
6.791
6.951
6.909
7.054
7.410
6.516
7.085
6.917
7.128
7.211
7.527
6.989
7.091
6.990
7.574
6.953
7.625
6.453
6.929
7.146
7.042
6.965
6.954
6.773
7.209
6.898
7.046
6.896
6.898
7.922
6.823
7.010
6.843
7.719
7.713
7.610
6.743
6.849
7.095
7.141
6.917
7.306
6.387
6.587
7.074
6.786
6.998
6.924
7.132
6.815
6.884
7.172
7.075
6.854
6.742
6.786
7.018
6.910
6.974
7.119
7.181
6.989
6.727
7.089
6.917
7.136
7.201
7.035
6.797
6.794
6.857
7.238
6.286
7.050
6.945
7.043
7.145
7.367
6.454
6.932
7.099
6.946
6.933
6.748
7.616
6.861
7.001
7.416
6.734
6.924
7.473
6.394
6.771
6.958
7.264
7.333
8.034
7.320
6.932
6.807
6.964
6.969
7.074
6.227
6.709
6.826
7.217
6.764
7.173
6.392
6.831
6.960
6.902
7.033
6.884
7.833
6.934
6.714
7.010
6.907
7.004
7.726
6.457
6.915
6.929
6.949
7.097
7.154
7.011
8.150
7.648
6.837
6.907
7.620
6.348
6.906
6.916
6.885
6.875
6.765
6.711
7.077
6.904
7.035
7.170
6.947
7.488
6.941
7.227
6.899
7.317
6.994
7.751
6.563
7.008
7.005
6.850
7.102
7.626
6.159
7.343
7.670
6.831
7.256
8.113
6.925
6.806
6.643
6.782
7.076
7.028
6.961
7.165
7.030
7.695
7.095
7.164
6.399
6.603
6.940
6.981
6.930
7.061
7.539
7.330
6.738
6.794
6.930
7.017
6.832
6.532
6.933
6.917
6.761
7.085
7.899
6.736
6.904
7.004
6.936
7.281
7.189
6.251
7.785
6.701
6.984
7.141
7.348
6.481
6.845
6.717
7.286
7.030
6.994
7.681
6.823
7.081
7.076
6.965
6.862
7.316
6.279
6.793
7.239
6.905
7.132
6.910
7.008
7.090
6.932
6.829
7.051
7.492
6.449
6.946
7.233
6.876
7.016
7.080
6.835
7.575
7.005
7.046
6.541
6.843
7.526
7.155
6.915
6.857
7.071
6.811
7.605
6.305
7.557
7.150
6.887
7.125
7.042
6.669
6.794
7.147
6.900
8.189
7.314
6.372
6.891
7.923
7.217
6.955
6.846
6.754
6.874
6.943
6.987
6.969
7.401
7.967
6.543
7.034
6.887
6.966
6.888
7.467
6.366
6.841
6.811
7.097
6.992
7.149
7.046
6.999
6.919
7.123
7.237
7.882
6.429
6.686
6.600
7.030
7.220
7.613
6.731
6.883
7.466
7.103
6.915
7.098
6.981
6.838
7.005
6.939
6.896
7.577
6.386
6.499
7.017
6.925
7.039
7.625
6.437
6.928
6.663
6.914
6.892
6.976
7.547
6.807
6.997
6.948
6.913
6.972
7.810
6.250
7.053
7.262
6.994
6.965
7.065
7.009
7.094
7.018
6.856
7.092
7.862
6.571
6.913
7.092
7.860
7.056
7.333
6.784
6.691
6.985
6.946
6.976
7.478
6.346
6.670
6.959
7.092
7.265
7.998
7.170
6.915
7.186
7.002
7.080
7.480
6.490
6.818
6.947
7.190
7.017
6.927
6.826
7.211
6.938
6.931
6.929
7.328
6.471
7.084
7.543
6.934
7.003
6.914
7.021
7.194
6.867
6.486
6.513
6.404
6.800
7.116
6.691
6.710
6.849
6.535
6.896
6.810
6.865
7.243
6.277
6.258
6.043
6.400
6.723
6.764
6.806
6.866
6.780
6.885
7.218
7.009
7.041
7.709
6.753
7.035
6.936
6.962
7.039
7.803
7.971
7.835
6.758
7.067
6.975
8.022
7.060
7.142
7.230
6.935
7.058
6.976
7.300
6.731
6.957
6.675
6.975
7.625
6.690
6.968
6.998
7.146
7.156
7.587
7.515
7.212
7.100
7.006
6.734
7.589
6.337
6.816
6.768
7.058
7.069
7.780
6.469
7.133
6.832
6.806
6.983
7.053
6.960
7.070
6.509
7.406
6.924
6.904
6.690
7.042
6.979
7.042
6.925
7.648
6.562
6.919
7.118
6.893
7.021
7.578
6.319
6.926
7.121
6.936
7.040
6.976
6.877
7.105
7.132
6.656
6.985
7.402
6.497
6.738
6.889
7.123
7.137
7.368
6.625
6.721
7.059
6.656
7.050
7.030
6.971
6.682
6.958
6.943
7.686
7.512
7.052
6.650
6.974
6.957
6.930
7.114
6.965
7.002
6.853
7.117
7.084
6.875
7.003
7.029
6.860
7.117
7.003
7.519
6.407
6.529
7.049
6.996
7.032
7.530
6.341
7.146
6.997
7.222
7.003
7.041
6.772
6.987
7.070
6.945
6.900
7.732
6.446
6.767
7.203
8.314
6.990
7.756
6.606
7.500
7.230
6.874
6.743
7.400
6.486
6.911
7.002
7.054
7.227
7.733
6.366
6.951
6.969
6.890
7.013
7.129
7.408
6.967
7.117
6.856
6.979
8.336
6.375
7.176
6.638
6.914
7.049
7.605
6.989
7.035
6.929
6.872
6.997
7.172
6.924
6.936
6.563
7.111
7.401
7.722
6.494
6.673
6.957
6.903
6.980
7.346
6.497
6.816
6.676
6.893
7.176
8.188
6.978
7.028
7.067
6.950
8.425
8.152
8.620
7.706
7.225
7.068
6.550
7.022
6.721
6.941
6.993
7.074
7.072
6.719
6.977
7.307
6.488
7.109
6.939
7.601
6.437
7.193
7.202
7.064
6.986
7.444
6.594
6.852
7.182
7.102
7.086
7.822
6.630
6.634
7.168
6.716
7.055
6.991
6.603
6.992
6.962
7.049
7.046
7.614
6.553
6.568
6.802
6.904
7.082
8.213
6.722
6.902
7.221
6.861
6.680
7.011
6.613
6.798
7.090
6.868
6.808
6.635
7.018
6.900
7.197
7.000
6.688
6.834
6.987
6.993
6.995
7.159
6.883
7.141
6.562
6.794
6.932
7.019
6.809
7.617
6.534
6.752
6.837
6.971
7.820
7.087
6.931
6.993
6.954
8.527
6.760
7.535
6.758
6.616
7.046
7.032
6.831
7.359
6.437
6.896
7.004
7.233
6.995
8.528
6.749
7.029
6.991
6.769
6.946
7.680
6.564
7.095
7.064
6.828
6.949
7.705
6.415
6.723
7.210
6.583
6.983
7.033
7.156
6.952
6.952
7.096
6.636
7.188
6.909
6.831
6.703
7.354
6.791
8.202
6.865
7.044
6.981
6.919
7.197
7.345
6.543
6.846
6.977
7.553
8.367
7.691
6.655
7.062
7.038
7.113
7.232
7.037
7.165
7.077
6.903
7.042
7.014
7.125
6.530
6.803
6.970
7.219
6.986
6.985
7.105
6.940
7.021
7.086
6.972
7.050
6.889
8.474
6.748
6.914
7.032
7.107
6.951
6.750
6.946
7.079
7.064
7.555
6.390
6.918
6.990
6.920
6.564
8.100
6.310
6.915
7.205
7.022
7.184
7.293
6.629
6.715
7.023
7.034
7.218
7.629
6.986
6.987
6.902
7.007
7.105
7.121
6.446
6.981
7.036
7.047
6.928
7.431
6.413
6.610
7.048
6.874
6.895
6.699
7.639
6.842
7.123
6.742
6.998
6.588
7.886
6.529
7.012
7.322
7.066
7.088
6.575
7.049
6.991
6.958
8.096
6.680
7.290
6.667
7.223
6.845
6.766
6.974
7.853
6.344
6.753
7.224
6.720
7.005
8.561
7.174
7.015
7.008
7.001
7.458
8.014
6.657
6.544
6.971
6.820
6.918
7.932
6.529
6.990
6.969
6.994
7.313
7.211
7.109
7.012
6.907
7.082
6.811
6.757
7.139
7.121
7.242
6.928
6.756
7.517
6.675
7.133
6.552
7.018
7.009
7.878
6.659
7.044
7.133
6.808
6.660
7.617
6.314
6.790
6.557
6.777
6.605
8.008
7.172
6.982
6.716
6.919
6.531
7.346
6.428
6.822
6.882
7.176
7.033
7.420
6.436
6.833
7.096
6.964
6.929
6.979
6.662
6.629
7.127
6.976
6.905
7.070
7.832
6.433
6.901
6.805
6.957
6.673
7.257
6.504
7.140
6.929
7.044
6.999
7.265
6.778
7.228
6.877
6.980
6.971
7.430
6.286
6.672
7.372
6.768
7.147
7.750
6.683
6.880
6.867
7.247
7.055
7.756
6.853
6.856
7.186
6.764
7.086
7.283
6.582
6.801
6.762
8.498
7.061
7.120
6.855
6.730
6.885
6.669
7.001
6.927
7.023
6.781
6.889
6.920
7.180
7.054
7.926
6.965
6.447
7.230
6.989
7.160
6.684
6.717
7.004
7.050
7.047
7.398
7.941
7.045
6.562
6.996
6.756
7.133
7.534
6.210
6.736
6.859
7.326
6.841
6.767
6.658
6.947
6.736
6.982
6.741
6.854
7.910
6.949
7.042
7.193
7.550
6.916
7.785
6.885
8.384
6.098
6.915
6.817
7.944
7.444
6.174
6.248
6.252
6.742
7.933
7.038
6.686
6.845
6.884
7.107
6.617
6.922
6.908
7.000
6.798
6.889
6.839
7.192
6.897
6.719
6.845
7.064
6.920
6.774
6.925
6.801
7.002
6.686
7.236
6.432
7.054
6.428
6.757
6.766
6.703
6.865
7.516
6.745
6.958
6.785
6.919
8.122
6.788
6.609
6.537
7.024
6.856
7.418
6.360
7.443
6.687
6.710
6.580
7.515
6.585
7.016
6.509
7.254
6.574
7.331
7.864
6.985
6.513
7.004
7.181
6.643
7.512
6.867
6.805
7.241
7.098
6.752
7.257
6.602
7.211
6.889
6.928
6.874
7.517
7.273
6.774
6.955
6.911
7.185
7.355
6.854
6.662
6.931
7.146
6.794
7.382
6.142
7.686
6.977
7.262
6.577
7.220
6.659
6.922
7.018
6.982
6.886
7.324
6.670
7.234
6.938
6.490
7.266
7.343
6.372
6.822
6.414
7.374
6.470
7.906
6.985
6.692
7.059
6.818
7.001
7.170
6.945
6.815
6.836
6.893
7.798
6.457
7.320
6.514
6.758
6.789
7.316
6.736
6.637
6.488
6.755
7.049
7.328
6.730
7.026
7.646
6.509
7.325
6.813
6.620
6.644
6.929
6.853
7.041
7.015
6.878
7.009
7.278
7.088
6.972
6.865
7.019
7.161
6.508
7.123
7.109
6.912
7.100
7.569
6.308
7.536
6.673
7.413
7.184
7.546
10.080
7.156
7.071
6.410
7.059
8.142
7.141
6.984
7.401
7.070
7.202
7.451
7.045
6.970
7.057
6.748
7.146
6.471
6.433
7.002
7.067
6.959
7.529
8.079
7.071
6.712
6.996
7.186
7.171
7.773
6.712
6.626
7.803
6.617
7.080
7.263
7.263
7.313
7.025
7.057
7.009
7.221
6.772
6.641
7.408
6.731
7.249
6.937
7.046
7.093
6.882
6.409
7.120
7.814
6.537
7.780
7.371
7.846
7.023
7.301
8.143
6.945
6.974
7.733
7.012
8.276
7.029
7.068
8.434
7.094
7.678
7.124
7.289
7.501
6.713
7.314
6.742
6.799
7.213
6.718
7.586
6.943
7.571
6.472
6.771
6.623
7.163
7.505
7.535
6.764
6.354
7.552
7.437
6.795
7.900
7.412
7.089
7.511
6.978
7.556
8.891
6.652
7.180
7.675
7.295
6.850
7.623
6.644
7.122
6.728
6.990
6.989
7.525
6.503
7.762
7.262
7.053
7.102
6.998
6.781
6.762
7.379
7.765
6.854
7.433
6.993
7.655
7.252
6.960
7.445
7.595
6.441
6.986
7.015
6.983
7.209
7.697
6.675
6.814
8.367
6.736
7.960
7.082
6.773
6.957
6.908
7.043
6.919
7.493
6.474
6.813
6.718
7.714
7.136
7.577
6.379
7.045
6.953
7.149
6.916
7.108
6.944
7.180
7.504
6.786
7.648
7.606
6.642
6.944
7.504
7.348
6.952
7.210
6.652
7.183
6.768
7.219
7.116
7.039
6.410
7.199
7.258
6.876
6.951
7.467
6.385
7.016
7.004
6.870
6.964
7.328
8.666
7.000
7.113
7.305
7.054
7.533
7.469
6.753
6.983
6.908
8.425
6.433
7.050
7.074
7.074
7.091
7.670
7.326
7.309
7.500
7.088
6.616
7.727
7.213
7.002
7.237
8.146
7.724
8.020
6.428
7.169
7.645
7.627
7.560
6.694
7.216
7.110
6.992
7.754
6.806
9.591
7.107
6.796
7.388
6.771
7.011
7.798
6.543
7.750
6.867
8.916
6.955
8.157
7.077
6.583
7.760
7.539
7.304
6.764
7.674
7.186
7.684
7.137
6.888
6.577
7.121
7.395
7.026
7.060
7.146
6.899
6.990
7.201
7.018
7.387
6.975
6.642
7.191
7.222
7.040
7.249
7.544
6.779
6.898
7.744
7.115
6.997
6.932
7.637
6.668
7.221
7.150
7.658
6.853
6.987
7.174
7.242
6.699
7.202
7.029
6.910
7.007
7.260
7.372
6.902
7.330
7.323
6.779
7.489
6.843
7.920
7.071
6.634
7.004
6.703
7.181
7.140
6.987
7.518
6.643
7.153
7.455
6.971
7.448
6.920
6.908
8.434
6.942
6.456
6.909
6.906
6.844
6.604
7.005
7.908
6.674
6.823
7.068
7.475
6.818
7.459
6.235
6.814
6.770
7.277
7.162
8.000
7.726
6.983
8.264
7.240
8.344
8.080
9.412
7.215
6.994
6.335
6.527
7.900
8.240
6.931
7.961
8.015
6.946
6.561
6.853
6.982
7.046
7.790
7.634
6.909
6.991
7.061
6.863
7.669
7.484
6.664
6.918
6.998
7.170
7.443
7.084
7.102
6.903
7.730
7.049
7.546
6.746
7.145
6.996
7.333
7.234
7.055
7.828
7.198
7.128
6.916
7.101
7.413
7.383
7.434
7.193
7.102
7.882
8.145
7.518
7.234
7.581
7.496
7.814
8.771
6.825
7.168
6.972
7.308
7.778
7.798
7.558
6.595
6.682
6.313
6.925
6.520
6.403
7.647
6.621
6.872
6.891
8.849
7.656
7.108
7.353
7.249
7.520
7.293
8.243
7.175
7.209
7.901
8.199
6.321
6.631
6.993
7.483
7.248
7.460
7.148
8.778
7.036
7.137
7.107
8.084
6.790
7.257
7.233
7.159
7.454
7.046
7.369
7.216
9.272
7.115
7.583
6.826
7.282
7.519
6.794
8.044
8.340
7.376
7.043
7.182
7.394
6.988
8.186
6.460
6.614
7.701
7.836
7.160
9.667
7.425
7.543
7.370
8.982
7.606
7.603
8.258
8.525
6.285
7.831
7.826
9.187
7.154
7.608
8.574
6.838
6.607
7.284
7.618
7.373
7.267
7.585
6.913
7.338
7.884
7.451
7.372
7.186
6.904
7.159
6.910
7.421
7.323
8.653
6.691
7.140
7.033
6.895
7.141
6.983
6.969
7.509
7.408
6.997
7.643
7.136
7.014
7.136
7.280
7.342
7.333
7.337
7.309
7.189
9.677
7.278
7.858
7.278
7.407
7.073
7.203
7.753
6.984
7.374
7.366
7.602
7.221
7.834
7.137
7.492
7.292
7.174
8.094
7.269
7.381
7.456
7.156
7.308
7.519
8.554
6.982
7.278
7.433
7.931
7.144
7.232
7.242
7.022
7.499
8.370
7.967
6.655
6.800
8.676
7.151
7.021
7.405
7.363
6.984
7.218
7.110
7.249
8.270
6.708
6.672
7.155
7.264
7.103
7.734
6.556
6.862
7.087
7.266
7.991
7.401
6.665
7.143
7.120
7.201
7.063
7.574
6.463
7.235
7.207
7.037
6.947
7.928
6.888
6.667
7.421
7.260
7.220
7.639
6.839
6.961
7.295
7.123
7.208
7.602
6.655
6.887
6.988
7.177
7.371
7.255
7.134
7.928
7.554
7.038
7.314
6.915
7.338
7.367
7.177
7.235
7.209
6.880
6.836
9.765
7.113
7.095
7.427
7.639
7.268
7.288
9.017
7.346
8.218
7.800
7.926
7.400
7.158
7.142
7.088
7.210
7.153
7.299
7.161
7.739
6.930
7.161
6.714
7.451
7.534
7.231
7.456
7.280
7.228
7.151
7.076
7.964
6.919
6.964
7.244
7.119
7.848
7.943
7.032
7.154
6.845
7.037
7.122
6.406
7.086
7.108
6.851
7.180
7.325
7.206
7.256
7.611
7.937
7.371
7.920
7.130
6.688
7.098
7.329
7.395
7.855
7.282
9.140
7.218
7.218
7.274
7.273
7.381
7.214
7.201
6.979
7.806
7.271
7.030
7.694
7.303
7.149
7.272
7.124
7.226
7.409
7.134
6.834
7.618
7.723
7.351
6.839
7.543
6.941
7.273
8.448
8.911
6.937
7.389
7.508
6.369
7.211
7.579
7.497
7.403
7.315
6.608
7.003
7.015
7.253
7.106
7.341
7.896
7.270
6.759
7.177
7.265
8.050
8.771
7.589
7.171
7.552
7.388
7.354
7.399
7.165
7.980
7.185
7.624
6.648
6.761
6.646
7.224
7.409
7.349
6.973
8.948
7.348
9.354
7.208
8.016
6.886
6.748
7.206
7.230
7.015
7.267
7.214
6.850
7.117
7.126
7.209
7.116
7.970
7.155
7.117
7.161
7.524
6.740
7.126
7.306
7.144
7.021
7.289
7.188
7.600
9.390
6.946
7.265
7.803
6.778
6.964
7.591
7.198
7.164
7.631
6.608
6.861
7.236
7.277
6.794
7.328
6.980
6.976
8.794
7.169
7.220
8.205
6.870
7.338
8.492
7.724
7.550
9.086
6.797
7.230
7.435
7.193
7.439
6.522
7.149
7.115
7.114
7.140
7.126
6.817
7.294
7.337
6.968
7.125
7.372
8.104
8.261
7.545
6.970
7.493
6.720
7.173
6.941
7.545
7.417
7.421
6.342
6.939
7.171
7.026
7.373
7.281
6.937
7.100
7.362
7.114
7.362
7.396
7.236
7.171
7.324
7.686
8.042
8.666
7.933
7.163
7.842
6.894
7.508
8.028
7.402
6.987
7.172
6.944
7.607
7.816
7.742
6.966
7.266
7.453
7.409
6.525
7.029
7.127
7.286
7.008
7.583
6.486
6.701
7.274
7.634
7.050
7.631
6.878
6.876
7.139
7.034
7.167
7.900
7.892
7.071
7.628
8.416
7.878
8.660
6.844
8.049
6.982
7.319
6.861
7.634
7.422
7.387
7.081
7.212
7.702
7.370
7.792
8.827
7.732
7.138
7.008
6.942
7.076
6.977
7.112
6.920
7.303
6.892
7.198
7.176
7.240
6.899
7.382
6.851
7.067
8.869
6.998
6.896
8.136
7.953
7.186
7.444
7.662
7.204
8.395
6.620
7.825
7.022
7.684
7.862
7.164
7.464
7.636
7.173
7.319
7.506
7.147
6.912
6.911
7.283
7.178
7.173
7.223
7.357
7.427
7.223
7.527
8.416
7.411
7.026
7.222
6.916
7.229
8.159
7.268
7.775
7.492
7.214
7.552
6.346
7.063
6.873
7.512
6.843
8.467
7.334
7.631
7.012
8.466
7.260
8.373
7.793
7.727
7.729
7.715
7.759
7.131
7.281
7.319
7.172
7.157
7.266
6.781
8.019
7.540
7.979
7.628
7.870
7.461
7.603
7.766
7.030
6.919
8.515
6.751
7.101
7.248
7.631
7.271
7.237
7.716
7.297
7.120
7.372
8.184
6.907
7.168
7.213
7.041
8.133
7.512
6.801
7.190
7.215
7.593
7.097
9.145
6.556
6.883
6.931
7.255
7.272
7.936
6.763
7.108
7.222
7.288
7.024
7.315
6.889
7.610
7.299
7.220
7.753
8.493
6.649
7.065
7.360
7.089
7.129
7.646
6.959
7.917
7.252
7.460
7.211
8.318
6.800
6.818
7.183
7.258
7.903
8.195
6.905
6.972
7.137
7.180
7.122
6.896
7.135
6.928
7.283
7.365
7.199
8.428
6.680
6.990
7.553
6.909
7.098
7.544
6.681
6.663
7.090
7.056
7.261
7.659
6.781
7.470
7.283
7.108
7.112
7.869
6.846
6.941
7.017
7.431
7.191
7.716
6.575
6.469
7.661
7.258
6.861
7.328
6.595
7.026
6.949
8.266
7.263
7.584
6.809
7.929
7.639
7.366
6.959
7.971
7.081
7.244
7.309
6.830
7.093
8.533
6.752
6.802
6.905
6.911
7.212
8.045
6.796
6.904
6.937
7.228
7.088
7.868
7.011
7.230
7.250
6.825
8.009
8.083
7.884
7.429
7.288
8.924
7.122
7.320
7.002
7.200
7.186
7.140
7.262
7.749
6.755
7.416
7.282
7.138
7.308
7.326
7.326
7.891
8.120
7.319
8.140
6.876
7.113
7.187
7.374
6.780
7.139
7.129
7.087
7.222
7.433
7.375
6.850
7.117
6.931
7.086
6.934
7.220
6.735
7.017
8.339
7.197
7.411
7.843
6.637
7.287
7.082
7.196
7.260
7.276
7.256
7.142
9.497
7.156
7.291
7.944
6.885
7.163
7.131
7.585
7.325
7.486
7.348
7.152
7.001
7.230
7.174
7.174
7.451
7.736
7.214
7.228
7.434
6.823
7.113
7.319
7.196
7.334
7.335
8.542
7.229
7.112
7.404
7.147
7.985
6.984
7.880
6.932
7.249
7.066
9.216
7.369
7.280
6.956
7.448
7.396
6.638
6.893
6.616
7.285
7.373
8.068
6.797
7.274
7.132
7.143
7.057
7.420
6.230
7.438
7.790
7.142
7.028
7.645
6.677
7.063
7.460
7.175
6.847
7.598
7.296
6.529
7.684
6.616
6.482
7.152
6.958
7.101
7.473
7.287
7.181
7.207
6.775
7.244
8.177
6.730
7.373
7.084
6.940
7.351
7.911
6.745
6.603
7.063
8.227
6.874
7.366
6.397
7.249
6.657
8.274
7.415
7.762
6.605
7.314
6.680
7.312
7.157
7.412
6.857
6.876
7.501
6.980
7.362
7.309
7.130
7.169
6.995
7.394
7.337
7.623
6.809
6.757
7.197
7.315
6.874
7.472
6.497
8.010
7.130
7.391
6.957
7.321
6.456
7.090
7.202
7.225
7.227
7.186
7.378
7.462
8.047
7.148
7.316
8.198
6.627
6.823
8.790
7.215
7.500
7.187
6.818
7.065
7.135
7.791
7.757
6.685
6.520
6.848
7.512
7.170
7.547
7.995
6.604
7.111
7.410
7.322
8.380
7.208
7.104
7.044
7.582
7.369
8.272
6.643
6.916
6.976
7.172
7.138
7.601
7.638
7.112
8.005
7.173
7.154
7.721
6.449
6.997
7.179
8.164
7.246
7.263
7.079
7.125
6.926
7.203
7.434
6.670
7.128
6.777
7.226
8.428
7.242
6.939
7.278
7.309
6.824
7.172
7.611
6.797
6.924
7.117
7.334
6.851
7.372
7.053
8.974
7.185
7.343
7.170
7.222
7.141
7.534
7.977
7.083
7.202
8.496
6.996
7.379
7.168
7.057
7.270
7.162
7.089
7.179
7.360
7.170
7.651
7.369
7.229
6.865
7.385
7.179
7.338
7.198
7.257
6.957
7.370
6.798
7.585
6.634
6.884
7.095
7.205
7.123
7.063
6.818
6.783
8.284
6.944
7.127
7.211
6.711
7.014
7.692
7.177
7.728
7.359
7.029
7.024
7.163
7.567
7.143
7.142
7.979
7.061
6.839
7.380
7.228
7.264
7.942
6.719
7.119
6.904
6.991
7.305
7.672
6.558
7.360
8.482
7.449
7.325
8.289
7.195
6.895
7.187
7.215
7.406
9.079
7.250
7.000
6.840
7.440
7.670
6.596
6.936
7.495
6.857
7.488
7.293
6.639
7.444
7.036
7.369
6.903
7.334
6.530
6.625
7.132
8.036
7.250
7.390
6.528
7.165
7.391
7.278
7.159
7.158
7.284
7.267
7.399
7.192
7.408
8.524
6.467
7.699
7.267
7.154
7.224
6.930
7.536
7.372
7.181
7.228
7.647
6.849
6.902
7.436
7.201
7.252
7.108
7.257
7.157
7.228
7.493
7.312
8.396
6.806
7.013
7.146
7.826
7.221
7.295
7.356
7.274
9.006
7.491
7.529
6.412
7.059
7.126
7.240
7.526
7.429
7.593
7.301
7.836
7.227
7.086
8.462
6.497
6.935
7.274
7.161
7.233
7.671
6.467
7.023
8.966
6.876
7.312
7.699
6.556
6.919
7.381
7.116
7.348
7.260
7.333
7.321
7.177
7.242
7.548
6.521
6.810
7.223
7.802
7.040
8.268
7.146
8.989
7.145
9.344
6.930
7.600
6.787
6.877
7.116
7.315
7.360
7.793
6.942
6.984
7.106
7.378
7.090
7.789
7.310
7.275
7.486
7.261
8.075
7.967
6.643
9.160
7.075
8.107
7.388
7.166
7.243
7.140
7.261
6.949
7.056
6.581
7.197
9.210
7.438
7.524
8.246
6.962
7.267
7.344
7.181
8.766
8.119
6.673
7.149
7.354
7.303
7.498
7.013
6.928
7.453
7.646
7.118
7.388
6.864
8.809
7.063
7.177
7.193
7.197
8.885
7.286
7.154
7.240
7.389
7.833
6.648
6.858
7.354
7.146
8.029
7.059
7.153
7.080
7.192
8.212
7.729
6.796
9.169
7.212
7.923
7.066
7.480
7.296
7.284
7.395
7.220
7.232
7.633
7.868
6.931
7.154
7.240
7.195
7.187
7.157
7.157
7.181
7.301
7.516
6.510
6.928
8.931
7.197
7.185
7.924
7.317
7.148
7.304
6.976
7.310
7.562
6.847
6.801
7.919
7.233
7.114
7.274
6.708
6.842
9.081
7.521
6.970
7.205
6.914
8.198
7.736
7.255
7.184
7.488
6.498
6.945
8.480
7.123
9.904
7.267
7.013
7.777
7.603
7.152
7.687
6.649
6.992
7.336
7.257
7.179
7.276
7.398
6.838
6.908
7.236
7.100
7.783
6.687
6.984
7.289
7.261
7.231
7.863
6.724
7.085
7.092
6.986
7.072
7.368
6.433
7.016
7.322
6.971
7.449
6.995
7.000
7.166
6.978
6.887
6.860
7.660
6.917
6.659
7.461
7.174
7.170
7.252
6.936
8.744
7.084
7.095
6.961
7.866
8.328
7.572
6.830
7.260
7.235
8.161
6.821
7.094
7.812
6.951
7.045
6.642
7.226
7.119
7.171
8.080
7.115
7.251
6.948
7.831
7.069
6.998
6.841
6.452
7.654
6.983
7.240
7.684
7.416
7.485
7.917
7.542
8.017
7.144
7.356
6.729
7.176
8.547
7.171
7.319
7.009
7.082
7.148
7.136
7.298
8.861
8.233
6.560
6.776
7.809
7.274
7.038
8.225
7.186
7.226
7.379
7.174
7.911
6.498
7.121
7.387
7.162
7.082
7.181
7.231
7.336
7.392
6.740
6.859
7.230
6.542
7.257
7.584
7.067
7.111
7.079
7.108
7.254
7.183
7.076
7.198
6.993
7.098
6.793
7.022
7.100
6.882
7.114
7.879
7.167
7.005
7.072
7.125
7.123
7.692
7.129
6.880
7.107
6.741
7.041
7.683
6.727
6.927
7.298
7.143
7.090
7.639
7.033
7.085
7.414
7.055
7.201
7.258
6.487
7.045
7.425
6.889
7.474
7.045
6.961
6.689
7.650
7.080
6.580
7.181
7.876
7.746
6.885
7.903
7.009
6.994
7.144
6.847
7.345
7.449
6.876
7.032
7.107
6.999
7.358
6.821
7.073
6.886
7.631
7.009
6.945
6.663
6.745
7.183
7.986
6.645
7.251
6.784
7.058
7.108
7.295
8.238
7.112
7.074
6.908
7.070
7.783
7.045
7.188
7.553
6.951
7.099
7.078
6.287
6.824
6.857
7.352
7.629
7.681
6.580
7.104
6.909
7.082
7.401
7.002
7.650
6.507
6.444
6.782
7.226
6.999
8.074
6.777
6.633
7.338
7.091
6.489
7.709
6.453
7.090
7.331
6.936
6.910
8.342
6.791
7.036
6.844
7.084
7.049
7.349
6.938
7.303
7.309
6.893
7.016
7.290
6.498
7.054
7.022
7.293
7.093
7.816
6.729
7.163
7.138
7.041
6.993
7.275
7.056
7.182
6.889
7.080
7.102
7.824
7.326
7.167
7.264
7.560
6.769
7.524
6.552
6.956
7.204
6.903
7.412
7.092
7.678
7.311
7.077
7.105
7.071
7.006
7.837
6.663
6.757
7.074
7.202
7.039
6.935
6.994
6.985
6.873
7.193
6.868
7.120
7.020
7.356
6.994
6.881
7.019
7.424
6.387
6.854
7.214
6.852
7.091
7.120
6.671
7.064
7.018
6.895
7.078
7.165
7.713
6.845
6.775
6.979
7.052
7.318
7.847
6.522
6.784
7.106
7.085
6.965
7.126
6.859
7.450
7.001
6.792
6.874
7.153
6.563
7.133
7.202
7.047
6.845
7.425
6.700
6.816
7.002
6.770
7.062
6.993
7.641
6.850
7.088
7.064
7.095
6.889
7.419
6.315
7.261
6.983
6.950
6.896
7.005
6.952
6.961
7.010
7.052
7.056
6.869
6.996
7.063
7.207
6.765
6.975
7.037
7.844
8.058
7.144
6.957
7.529
7.119
6.501
6.641
7.283
7.550
7.045
7.232
6.440
7.091
7.232
7.349
6.917
7.792
7.046
7.078
6.868
6.795
7.554
7.366
6.531
6.849
6.833
7.087
7.088
7.452
6.527
7.654
6.516
7.414
8.180
7.023
6.568
6.634
6.891
6.979
7.095
7.254
6.781
6.919
6.954
6.797
6.571
7.280
6.794
6.816
7.217
7.106
7.247
7.474
6.306
6.970
6.915
6.822
6.822
7.003
7.062
7.099
7.251
7.387
6.731
7.110
6.499
6.499
6.910
6.860
7.647
7.292
6.817
6.767
6.804
7.044
7.033
6.842
7.738
6.857
6.895
7.205
6.915
6.865
7.468
6.417
7.224
6.958
7.847
7.664
7.252
6.822
7.183
6.834
6.884
6.901
6.620
6.960
7.518
6.845
7.087
7.050
7.441
6.875
7.085
6.823
6.819
6.700
8.146
7.006
7.211
6.974
6.818
7.013
7.530
6.866
7.022
6.892
7.311
6.835
7.499
6.625
6.854
6.917
7.077
6.584
7.337
6.706
7.812
7.099
7.296
7.011
7.136
6.892
6.891
7.688
7.249
6.902
7.338
6.365
7.080
7.309
6.983
6.875
8.163
7.398
7.086
6.945
7.529
7.164
7.591
7.204
6.973
6.986
7.011
7.268
7.474
6.680
7.464
6.977
7.524
7.368
7.491
6.727
6.951
7.223
7.097
6.898
6.959
7.632
7.260
7.021
7.227
7.038
6.985
6.391
7.090
7.613
6.560
7.156
7.361
6.867
6.752
7.070
7.244
7.131
7.002
7.680
6.962
6.956
6.599
6.813
7.465
7.616
6.449
6.981
7.487
7.431
7.197
7.295
7.100
7.212
7.140
6.999
7.092
7.636
6.515
6.956
7.044
6.605
7.102
7.134
6.480
7.423
7.095
7.026
7.056
7.304
7.261
7.014
6.613
7.067
7.268
7.656
6.672
6.872
7.366
7.011
7.174
6.865
6.770
7.055
7.263
7.669
6.778
7.751
6.489
7.231
7.127
7.201
7.049
7.103
7.621
6.450
7.580
6.867
6.911
7.166
7.776
6.884
7.102
7.095
7.064
7.502
7.467
6.409
6.882
7.234
7.077
7.046
7.260
7.358
7.099
6.970
7.357
6.753
7.401
7.096
7.101
6.938
7.010
6.757
7.444
6.581
6.792
6.905
6.964
6.822
7.339
6.987
7.623
6.921
7.147
7.085
7.532
6.800
7.714
7.048
7.361
7.307
7.145
7.760
6.895
7.016
7.076
7.638
7.156
7.162
6.913
7.190
7.055
7.372
7.083
7.079
7.229
7.087
6.813
7.519
6.966
6.991
6.806
7.018
7.276
7.060
7.454
7.913
6.687
7.100
7.936
7.006
7.106
7.296
7.213
7.040
7.178
6.939
7.151
6.861
7.188
6.557
7.179
7.141
7.742
6.578
6.811
7.342
7.141
7.112
7.130
7.751
6.917
7.145
7.140
7.548
7.043
7.277
6.541
7.142
7.013
7.602
6.895
8.023
6.573
6.797
7.114
7.271
7.048
7.221
7.129
8.470
6.959
7.108
7.177
7.492
6.602
7.260
7.128
6.967
7.344
8.114
6.388
6.906
7.008
6.816
6.858
6.976
6.773
6.869
6.899
7.166
6.948
6.993
7.709
6.794
6.701
7.282
7.120
6.631
7.842
6.458
6.977
7.072
7.177
6.632
7.557
7.432
7.039
6.843
7.606
7.060
7.517
6.493
6.901
7.158
7.311
6.894
7.492
6.681
6.862
7.072
7.145
7.048
7.455
6.622
6.920
7.417
7.023
7.187
7.060
7.120
7.116
7.266
6.819
7.143
7.688
6.617
7.326
7.023
7.136
6.950
6.541
7.338
6.903
7.161
7.066
7.181
8.373
6.532
6.945
7.073
6.983
7.277
7.040
8.120
6.957
7.160
7.036
7.173
7.556
7.716
6.600
7.206
6.859
7.182
6.785
8.369
6.427
6.569
7.146
7.518
6.931
7.746
7.142
7.082
6.891
7.225
7.012
7.297
6.506
6.814
7.438
6.888
6.932
6.981
6.831
6.909
7.087
7.033
6.964
6.929
7.555
6.387
7.072
6.645
6.852
7.987
7.838
6.741
7.010
6.770
7.461
7.141
7.148
6.465
7.803
6.901
6.976
6.812
7.496
6.769
8.688
6.735
7.334
7.499
8.052
6.489
6.993
7.063
6.818
7.047
7.385
6.506
7.135
6.956
7.138
6.913
7.205
7.609
7.090
7.726
6.781
6.927
7.718
6.511
7.557
6.903
7.134
7.151
7.624
6.744
6.972
6.903
6.887
6.990
7.081
7.056
7.598
6.930
7.289
7.082
7.827
6.627
6.751
7.195
6.873
6.637
6.897
6.869
7.553
7.223
6.903
6.724
7.103
7.696
6.971
7.086
6.827
6.891
7.088
7.859
6.632
7.002
7.009
7.195
7.187
7.769
6.510
6.912
7.111
6.874
6.853
7.032
6.821
6.852
7.014
7.202
7.500
6.682
6.603
6.875
7.240
6.935
7.089
6.655
7.091
7.174
6.717
7.449
7.351
7.419
6.529
7.096
6.862
7.171
7.344
7.894
6.660
6.885
7.272
8.000
7.136
7.581
6.393
7.147
7.096
7.052
8.086
7.747
6.884
7.830
6.538
9.484
8.168
12.348
8.524
7.301
7.028
7.614
7.659
7.839
9.253
8.254
6.876
7.415
7.492
8.693
9.629
8.136
7.999
6.786
6.627
6.743
6.862
6.920
7.654
7.747
7.970
6.196
6.409
6.919
6.921
6.606
6.447
7.049
8.120
7.809
8.341
7.602
6.584
7.352
6.855
6.513
6.478
6.471
6.936
6.747
8.161
7.193
6.712
6.504
6.753
6.577
6.409
7.362
6.961
6.581
7.035
7.482
6.582
7.976
8.240
6.292
6.323
6.638
7.135
7.484
6.979
7.233
6.675
8.935
6.928
7.781
7.268
6.199
7.139
6.910
7.343
8.357
7.827
8.742
6.502
6.438
6.402
6.314
6.228
7.935
6.994
6.500
7.509
6.841
7.346
8.364
7.666
9.367
8.329
7.486
7.061
6.851
6.647
7.102
6.728
7.178
7.773
7.059
8.708
7.661
6.461
11.475
6.566
10.473
6.289
7.160
8.570
6.640
6.735
7.433
6.606
6.682
6.621
6.514
6.949
6.500
6.833
8.532
6.796
6.416
6.873
8.222
6.548
7.525
7.422
7.035
8.444
6.299
6.935
6.503
6.805
6.871
7.002
6.526
7.186
7.166
9.114
8.912
7.752
8.768
10.201
6.930
6.595
8.083
11.408
9.154
8.054
8.202
7.123
7.681
9.977
8.589
10.763
7.790
10.208
9.641
12.952
9.824
8.203
7.897
9.124
8.821
9.751
7.752
9.683
7.118
6.757
6.842
7.719
6.832
7.462
9.985
6.985
9.027
8.852
7.439
8.048
9.280
11.706
8.479
7.672
9.683
6.575
6.770
8.893
12.062
7.850
6.377
7.135
7.598
7.819
6.742
7.277
7.095
8.235
12.668
10.279
8.029
7.214
7.922
7.900
9.985
6.329
6.499
7.471
8.104
7.086
6.814
7.125
7.011
6.919
7.612
6.428
7.250
7.650
7.279
7.079
7.408
6.876
7.125
7.400
9.782
6.213
6.555
6.728
7.168
7.399
6.818
6.676
6.529
6.908
7.287
6.996
6.969
6.767
6.881
7.148
7.161
6.680
7.091
7.682
7.223
7.092
6.866
7.186
6.976
6.825
7.871
7.136
8.237
6.431
7.261
6.849
6.940
7.488
6.850
7.028
8.296
7.767
7.096
7.369
7.068
6.945
7.946
7.132
6.966
7.222
7.443
7.574
6.838
6.874
6.978
6.871
7.695
7.115
6.958
7.109
7.165
6.865
7.644
6.528
6.850
7.082
7.990
7.909
8.242
7.584
7.691
7.668
7.510
8.585
7.970
7.279
7.119
7.394
6.720
7.175
7.332
6.590
7.059
6.940
6.914
6.913
7.963
6.579
7.171
7.169
7.130
7.327
7.061
7.135
7.314
7.217
7.110
6.820
7.270
6.513
6.618
6.809
6.862
6.712
7.915
6.805
7.281
6.890
7.569
7.421
7.243
7.754
7.045
7.192
6.847
7.321
9.052
6.723
6.909
6.881
6.938
7.167
7.811
6.906
6.783
7.251
7.218
7.195
7.996
7.439
6.317
6.336
6.901
7.758
7.757
6.913
8.266
6.689
6.364
7.012
6.910
6.978
7.087
6.818
7.371
7.170
7.159
6.359
6.849
7.097
7.071
6.889
7.735
6.694
6.741
6.815
7.054
6.920
7.220
7.047
7.383
6.786
6.757
6.855
7.387
6.708
7.026
7.197
7.067
7.119
7.515
6.639
6.661
6.486
7.847
6.861
6.888
6.919
6.542
6.880
6.927
7.100
6.574
7.960
6.901
7.019
7.094
7.145
6.791
6.560
7.002
7.087
6.523
6.865
7.009
8.330
6.611
6.800
6.727
7.081
6.936
8.132
6.408
6.843
7.563
7.295
7.860
6.929
6.850
7.414
6.903
7.162
6.810
7.570
6.936
6.753
7.100
7.334
7.639
8.101
7.004
6.884
7.402
6.969
7.489
7.629
6.790
6.899
7.530
6.958
7.073
8.036
6.914
7.509
7.175
6.932
8.515
6.794
7.420
7.901
7.213
7.538
7.047
6.960
7.051
6.807
7.261
8.190
8.294
6.441
6.706
7.882
7.286
7.222
7.031
6.836
7.941
7.161
7.010
6.825
7.240
6.398
6.880
7.379
7.678
7.456
7.360
6.640
7.131
6.902
7.022
6.847
7.888
6.678
7.051
8.063
6.978
6.833
6.906
6.965
7.052
6.823
6.793
6.997
6.768
6.686
7.075
7.266
6.626
7.391
6.570
6.597
6.865
7.603
7.293
7.030
7.683
6.679
6.839
6.900
7.202
6.982
7.021
7.007
6.529
7.456
6.844
6.652
6.970
6.885
7.322
6.855
6.883
7.173
7.413
6.530
7.077
7.173
7.349
7.553
7.299
6.568
6.870
7.254
7.037
6.904
6.983
7.434
7.100
7.315
7.272
7.068
7.016
6.430
7.271
7.229
6.884
7.056
7.873
6.799
7.044
7.009
7.045
7.018
7.286
6.811
7.107
7.159
8.478
7.330
9.125
8.036
7.543
7.178
6.928
7.284
7.043
6.993
7.824
7.685
7.366
7.661
6.358
7.232
7.802
7.679
7.750
7.740
6.885
7.054
8.550
7.036
7.433
7.124
6.413
7.074
6.955
7.382
7.101
7.912
7.033
7.246
7.038
7.402
6.909
7.316
7.399
6.926
7.002
7.019
7.540
7.828
7.141
7.344
6.878
7.124
7.637
7.574
7.013
7.449
7.055
7.942
7.133
7.088
7.084
7.009
7.173
7.568
8.106
7.713
7.384
7.619
9.050
8.378
7.302
7.572
7.479
7.306
9.176
8.227
8.259
7.782
8.511
7.738
7.719
7.432
7.359
7.944
7.186
7.854
7.529
8.146
7.472
8.909
7.446
7.516
7.541
7.616
7.735
7.725
7.681
7.947
8.200
8.864
7.850
7.528
6.677
7.984
7.659
7.829
7.831
7.538
7.964
7.978
8.811
7.005
8.271
7.695
7.787
8.042
8.380
7.771
7.017
7.444
8.184
7.863
8.995
6.630
7.384
7.436
8.009
7.790
8.608
7.734
7.820
7.530
8.941
7.769
8.430
7.810
7.642
7.775
7.332
7.737
7.771
8.310
7.891
7.954
7.526
7.696
6.772
7.833
7.022
6.985
6.840
7.105
7.115
7.201
7.011
7.211
7.269
6.863
6.812
6.865
7.685
6.401
6.768
7.194
7.243
6.899
7.510
6.472
6.871
6.654
7.204
7.089
8.170
7.152
8.033
7.144
6.885
7.118
8.313
6.762
6.699
7.430
6.975
7.311
7.591
7.115
7.476
6.421
6.823
7.258
7.480
7.006
7.421
6.372
6.869
7.137
7.076
7.016
6.792
6.990
7.128
7.010
6.817
7.376
6.656
7.172
7.117
7.120
7.313
7.218
7.077
7.325
7.347
7.139
7.006
7.302
6.632
6.821
7.015
7.374
7.518
7.623
6.637
7.002
6.722
6.903
7.224
7.124
6.602
6.403
7.222
7.146
7.144
7.132
7.212
6.552
6.684
6.784
7.041
7.103
7.652
6.699
7.080
7.194
6.585
6.975
7.228
6.956
6.918
8.041
6.921
7.097
7.376
6.549
6.775
7.263
7.000
7.001
7.281
7.024
7.114
6.864
8.617
7.138
7.570
6.665
7.401
6.928
7.090
7.134
7.610
6.968
7.504
6.835
7.128
6.864
6.933
8.115
6.758
6.815
7.422
7.111
6.892
7.339
6.567
6.870
6.764
7.306
7.211
9.341
7.178
6.869
7.175
7.004
7.120
7.209
6.502
6.888
7.033
7.097
6.912
7.391
7.112
7.078
7.008
6.829
7.040
6.903
6.820
6.748
6.851
7.355
6.782
7.008
7.905
6.174
6.901
6.921
7.063
7.039
7.702
6.750
6.878
6.912
6.993
7.168
6.739
7.719
6.841
7.400
7.244
6.780
7.316
6.691
6.910
6.765
6.894
7.634
7.175
6.345
6.911
7.350
7.198
7.080
7.494
6.539
6.982
6.699
7.119
6.903
7.263
7.699
8.651
6.338
6.890
7.191
7.092
7.233
7.647
7.124
7.052
6.897
7.181
6.642
6.890
7.053
7.089
7.596
6.838
7.218
6.874
7.125
6.642
7.045
7.071
7.493
6.549
6.856
6.768
6.523
7.072
7.744
7.082
7.641
7.239
7.368
7.260
8.566
6.646
6.858
6.729
6.935
6.935
7.846
6.629
7.244
7.016
7.151
7.074
7.505
7.744
7.587
7.988
7.131
7.041
8.371
6.582
7.032
7.111
6.847
7.366
7.410
6.655
6.834
7.187
6.877
7.241
6.921
6.841
7.237
7.104
7.267
7.389
7.459
6.574
7.614
7.071
7.115
7.024
7.304
6.465
6.868
7.170
6.925
6.663
7.219
6.342
6.401
6.539
6.771
7.405
6.992
7.145
7.199
7.241
7.043
6.955
7.432
6.660
7.369
6.843
6.861
7.311
6.964
6.825
6.947
7.074
6.870
6.924
6.967
6.686
6.692
6.938
7.356
6.905
6.905
7.866
6.569
6.872
8.417
6.962
6.926
7.281
6.633
7.103
7.434
7.069
6.871
7.439
6.540
7.138
7.210
6.935
6.825
7.555
6.632
6.768
6.794
7.614
6.846
7.081
6.746
6.529
6.893
6.910
7.141
6.937
7.547
7.072
6.873
7.028
6.847
7.065
7.395
6.742
6.882
6.875
7.138
6.862
7.854
6.600
7.029
7.117
6.850
6.906
6.844
7.002
7.163
6.962
6.851
6.987
7.511
6.657
8.261
7.086
7.044
7.004
7.893
6.552
6.879
6.953
6.918
7.053
7.246
6.730
7.026
6.788
6.899
7.049
7.133
6.608
7.378
7.319
7.098
6.922
7.341
6.213
6.901
7.374
7.067
6.904
7.657
7.118
6.694
6.862
8.060
6.901
7.055
8.168
7.172
6.911
6.814
7.113
7.083
7.407
6.628
7.328
6.825
6.861
7.274
7.492
7.153
7.182
7.596
7.098
7.116
8.538
7.123
6.874
7.231
6.534
6.927
7.641
6.285
7.165
7.224
7.044
6.977
6.992
7.288
7.155
6.687
7.066
7.170
7.553
6.374
6.970
7.062
6.612
7.249
7.685
6.981
7.150
6.875
8.099
6.635
7.217
7.046
6.740
6.938
6.916
7.159
7.833
6.579
6.883
7.111
7.250
6.962
7.799
6.615
7.121
8.505
6.896
8.363
6.839
6.726
7.525
6.847
6.821
6.967
7.504
6.612
6.909
6.972
7.249
7.035
7.902
6.663
6.965
7.126
6.659
7.152
8.000
7.047
6.950
7.132
6.860
7.038
7.047
6.522
6.619
7.860
6.664
6.965
6.809
7.131
6.947
6.847
7.270
7.120
7.292
7.092
7.048
7.249
7.196
8.021
6.403
7.156
6.702
6.902
6.897
7.173
6.903
6.192
7.087
7.073
7.052
6.942
7.444
6.557
7.112
7.149
7.097
7.279
7.225
6.995
7.155
6.589
6.938
6.730
6.885
6.740
7.464
7.130
6.970
7.093
7.652
6.484
7.346
7.343
6.844
6.649
7.418
6.424
7.052
7.137
7.213
7.157
7.833
6.589
7.390
6.834
7.159
6.880
7.760
7.178
7.849
7.125
7.119
7.129
7.941
6.573
7.096
7.370
7.434
6.989
6.646
7.027
6.890
6.921
7.197
7.078
6.880
6.331
6.871
6.858
6.718
7.307
7.602
6.363
6.826
6.937
7.272
6.629
7.286
6.401
6.761
6.504
7.317
6.748
7.241
6.389
6.750
6.936
7.045
6.959
7.295
6.551
6.916
7.715
7.211
6.507
7.586
6.428
7.091
6.698
7.060
6.570
7.276
6.533
6.911
6.701
6.991
7.188
7.281
6.892
7.675
7.064
7.128
6.939
7.216
6.440
6.659
7.332
7.205
7.609
7.185
6.588
6.631
7.083
7.066
7.149
6.898
7.744
6.851
7.183
7.040
7.171
7.292
7.592
6.628
7.518
7.364
7.255
7.084
7.241
6.606
6.803
6.698
6.631
7.357
7.512
7.323
7.978
6.338
6.776
7.062
7.238
6.814
7.180
7.250
6.880
7.154
7.191
6.400
7.509
6.722
6.937
7.043
7.765
6.727
6.771
7.680
7.162
7.116
7.130
7.060
7.172
7.145
6.915
7.237
7.588
6.558
7.175
7.137
7.279
7.048
7.482
6.419
6.898
7.201
7.109
7.160
7.175
7.437
7.171
7.090
7.112
7.028
7.685
6.664
7.623
7.085
6.971
6.901
7.287
7.080
7.086
7.818
7.011
7.095
6.921
7.376
7.291
7.025
7.050
7.170
6.791
6.665
6.898
6.756
7.074
7.177
7.493
6.395
6.746
7.125
7.444
7.152
7.413
7.158
7.045
8.393
7.065
7.179
8.381
7.594
7.105
7.207
6.746
7.232
7.281
6.782
6.685
7.252
7.345
7.681
7.231
7.405
6.776
7.305
7.114
7.262
7.537
6.964
6.733
7.195
7.129
7.153
7.869
6.437
6.801
7.195
6.917
6.926
7.797
6.736
7.015
7.471
8.672
7.128
7.188
6.476
6.941
7.119
7.127
7.352
7.156
6.900
6.763
7.123
7.121
7.114
7.230
6.792
6.891
7.090
7.457
7.081
7.082
7.643
6.723
7.738
7.191
6.795
7.503
7.621
6.384
6.652
6.944
6.755
6.891
7.018
7.364
6.765
6.903
7.455
7.284
7.421
6.617
7.566
9.000
7.178
7.720
7.029
6.878
6.777
7.070
7.089
7.340
7.864
7.139
6.783
7.354
8.929
6.849
7.927
6.537
7.302
7.082
7.008
7.132
7.062
7.178
7.165
7.041
7.122
7.255
6.634
6.625
7.018
7.143
6.802
7.337
7.441
6.498
7.061
6.874
7.173
6.855
8.002
9.601
7.058
6.667
7.094
6.869
6.666
7.113
7.136
7.263
6.917
6.966
7.060
6.619
6.836
6.961
6.851
7.095
8.309
6.506
6.884
6.990
7.098
7.074
7.025
6.965
6.793
7.008
7.142
6.990
6.696
7.769
6.913
7.042
7.110
6.630
6.882
7.955
6.402
6.716
7.214
6.930
7.074
6.787
6.875
7.245
6.881
6.847
6.776
7.568
7.001
6.709
7.122
6.800
6.879
8.136
6.701
7.261
6.973
7.122
7.012
7.217
6.944
6.892
7.696
7.124
7.040
7.220
6.576
7.199
6.723
6.808
7.159
7.434
6.698
7.093
6.998
7.031
7.282
7.626
6.387
6.821
7.058
7.055
7.015
6.680
7.108
6.859
7.215
7.029
6.865
7.645
7.143
7.315
7.304
6.964
6.704
7.340
6.483
7.010
7.096
6.722
7.183
7.371
7.542
6.891
6.869
7.843
7.054
7.137
8.017
6.966
7.306
7.136
7.137
6.854
7.001
6.985
6.898
7.096
7.025
6.902
7.822
6.681
7.688
6.817
7.990
7.364
7.494
6.954
6.928
6.904
7.144
7.266
7.181
6.870
7.682
6.410
6.971
7.146
6.863
7.628
6.968
6.837
6.381
7.151
7.602
6.608
6.315
6.969
7.388
6.647
7.063
7.634
6.715
6.915
7.435
7.077
7.309
7.934
6.628
6.770
7.090
6.930
6.981
6.949
7.382
9.648
6.684
6.890
6.859
7.073
6.635
7.031
7.241
6.875
6.947
7.717
6.475
7.756
6.953
6.837
7.094
7.474
8.216
7.267
6.641
7.279
7.036
6.604
7.078
7.142
6.657
6.713
6.651
7.014
7.554
7.069
6.764
7.368
6.679
7.317
7.001
7.154
6.754
6.728
6.423
6.328
6.869
7.359
6.565
7.305
7.832
6.711
7.497
6.863
6.819
7.134
7.464
6.235
6.956
6.912
7.137
6.796
7.237
7.332
6.906
6.556
7.005
7.142
6.736
7.310
7.056
6.882
7.219
7.004
7.392
6.610
6.767
7.282
6.985
6.978
7.730
6.423
6.887
6.720
7.056
9.586
6.934
7.120
7.340
6.934
7.022
7.219
7.553
6.743
6.895
7.163
7.183
6.632
7.533
6.988
6.791
7.987
7.110
7.068
7.087
6.959
6.865
7.132
6.826
6.829
7.703
6.584
7.073
7.625
7.058
7.084
7.593
6.610
7.271
7.205
7.176
7.141
7.853
6.732
7.298
6.998
6.918
6.837
7.117
7.532
6.889
6.934
6.916
6.984
6.929
7.306
6.449
6.825
7.068
7.211
6.942
7.100
7.056
7.067
7.120
7.185
7.061
6.751
7.252
6.801
7.161
7.509
6.988
7.368
6.355
6.641
7.126
6.843
6.785
7.947
6.594
7.270
6.915
7.001
6.970
6.858
6.549
7.178
6.837
6.951
7.045
7.202
7.994
6.705
7.070
7.071
7.144
6.948
8.076
6.432
7.042
7.263
7.102
6.912
6.938
6.556
7.061
7.132
6.869
6.792
6.999
8.060
6.899
7.063
7.716
7.037
7.533
6.650
6.796
7.021
6.726
6.639
7.569
6.630
6.940
7.114
6.789
7.090
7.051
7.468
7.340
6.972
7.077
8.619
7.967
6.849
6.727
7.075
7.257
7.047
7.112
6.247
7.043
6.915
6.863
6.712
7.089
6.691
7.002
6.633
6.723
6.826
6.597
7.157
6.850
7.331
7.148
7.121
9.225
6.535
7.475
7.076
7.221
6.885
7.451
7.241
7.377
7.005
7.542
7.084
6.853
7.318
6.989
7.200
7.453
7.021
6.987
7.333
7.484
7.014
6.974
6.935
6.623
7.057
6.977
6.960
6.913
7.349
6.821
6.804
7.005
6.932
7.178
7.603
6.760
6.892
7.154
7.387
6.891
6.737
7.189
6.689
7.235
6.927
7.117
7.656
6.732
6.895
7.253
7.177
7.466
8.161
6.484
6.619
7.314
7.120
7.729
7.772
6.492
6.676
6.788
7.442
7.362
7.543
7.005
7.162
6.860
6.973
7.012
8.479
6.666
7.379
7.262
6.648
6.777
7.278
6.533
7.189
7.065
7.251
7.075
7.712
6.944
6.810
7.035
7.078
7.058
7.119
7.037
7.094
7.053
7.142
7.088
7.571
6.379
6.743
7.458
10.581
7.402
6.456
7.072
7.079
6.180
7.484
6.845
7.125
7.182
7.401
6.663
6.314
7.049
6.352
6.771
7.024
7.839
6.795
6.803
7.619
6.621
7.234
7.018
6.859
8.002
7.231
7.035
6.219
6.581
6.967
7.055
7.838
6.265
7.602
7.111
6.977
7.062
6.960
6.999
7.124
7.082
7.183
7.060
8.161
6.448
6.997
6.971
7.716
7.116
7.574
7.362
6.927
7.706
7.112
7.003
7.464
6.368
6.579
7.142
7.335
6.907
7.127
6.361
8.183
6.754
6.933
7.158
7.156
6.683
7.299
7.002
6.975
7.119
7.554
6.691
6.777
7.012
7.081
7.011
7.347
6.565
6.724
6.982
6.963
7.160
7.676
6.232
7.284
6.877
6.781
6.799
6.987
6.836
8.202
6.901
7.176
6.979
8.487
6.617
7.230
7.133
6.633
6.820
7.669
6.533
6.906
6.943
7.065
6.805
8.220
6.972
6.938
6.842
7.219
7.089
7.112
6.296
7.023
7.048
6.779
6.781
7.439
6.423
6.890
6.518
6.808
7.037
6.712
6.799
6.820
6.762
6.814
6.921
7.063
7.481
6.753
6.814
7.136
7.031
7.206
7.504
6.772
6.824
7.235
7.219
6.948
7.069
6.818
7.345
6.780
6.976
7.026
7.152
6.949
6.989
7.099
6.896
6.985
6.989
6.945
6.770
6.943
6.878
6.647
6.943
6.837
6.873
7.505
6.919
6.971
7.161
6.224
7.696
6.714
6.538
6.736
7.957
6.657
6.909
6.492
6.633
6.890
6.996
6.684
6.800
7.075
6.587
6.966
7.136
7.905
6.664
7.742
6.786
6.980
6.963
7.743
6.582
6.940
6.830
7.059
6.835
7.463
8.616
10.169
7.647
9.658
6.410
6.609
7.163
7.006
6.801
6.691
7.564
6.856
7.454
7.378
6.984
8.044
8.098
6.828
6.634
7.148
6.859
7.020
8.819
6.634
7.101
7.066
7.374
7.063
7.454
6.441
7.064
7.512
7.286
7.892
6.892
7.195
7.509
7.040
7.168
7.115
8.923
6.634
7.115
7.212
7.083
6.922
7.901
6.485
6.830
8.087
7.298
7.106
7.113
6.377
6.205
6.474
7.170
7.227
7.013
7.820
7.712
6.174
7.304
7.044
7.358
6.538
7.170
7.880
6.787
6.915
7.046
7.333
6.944
6.995
6.938
7.375
6.869
7.507
6.400
6.830
7.308
6.961
6.981
7.141
6.801
7.044
7.254
7.026
7.589
7.199
6.910
6.657
6.659
6.742
7.054
7.538
6.560
7.206
7.092
6.921
6.989
6.906
6.961
7.071
7.085
7.174
7.059
7.199
6.370
6.931
6.954
7.308
6.950
6.891
6.746
7.032
7.490
6.919
6.953
6.942
8.312
7.078
6.411
6.925
7.200
6.948
7.468
6.628
6.765
7.930
6.876
6.890
7.167
7.020
8.070
7.105
7.121
6.982
8.341
6.480
7.522
7.277
7.162
7.025
7.247
7.252
6.956
6.977
7.021
7.701
7.578
6.556
6.827
7.288
6.904
6.809
7.838
6.471
6.677
7.036
6.985
6.851
7.410
6.291
6.985
6.698
7.007
6.970
7.164
6.671
6.793
7.123
6.996
6.892
6.817
7.922
6.729
7.000
7.429
6.736
6.783
8.191
6.541
6.948
7.011
6.850
7.010
7.004
6.941
6.405
7.002
6.774
8.701
7.592
6.301
7.157
6.540
6.808
7.237
7.050
6.210
6.912
6.996
7.946
7.378
7.390
6.942
6.797
6.895
7.101
6.946
6.765
6.856
6.685
6.832
6.793
6.882
6.925
6.724
7.037
6.957
6.933
7.007
7.004
6.927
7.087
6.845
6.942
6.962
7.277
7.003
7.064
7.250
6.944
6.974
7.227
6.400
6.815
6.823
7.386
7.003
7.487
6.623
7.063
6.862
7.308
7.008
8.043
7.009
7.085
7.199
7.213
7.063
7.183
6.643
6.794
6.655
7.256
7.034
7.590
6.811
6.941
7.116
7.096
7.059
7.213
7.093
7.510
6.887
6.953
6.953
7.108
6.895
7.524
6.717
6.741
7.040
7.688
6.702
6.912
7.408
7.488
6.878
8.009
6.860
7.406
7.045
7.097
6.788
7.319
6.313
6.626
7.009
7.082
7.267
7.332
6.605
6.969
7.097
7.077
6.857
6.785
6.799
7.168
6.794
7.189
7.126
7.159
6.376
6.704
6.897
6.999
6.733
6.846
7.011
6.787
7.035
6.935
6.950
6.950
6.883
6.938
6.624
6.951
7.021
7.136
7.609
6.733
6.839
6.980
8.370
6.861
7.216
6.928
7.449
7.132
7.215
7.030
7.572
6.480
6.719
6.598
7.041
7.599
7.521
6.665
6.653
6.869
6.876
6.915
7.014
6.735
6.816
6.911
6.907
6.691
6.938
6.994
7.850
6.885
6.838
6.777
7.787
6.658
6.964
7.086
6.980
6.878
7.461
6.811
7.098
7.620
7.170
6.970
7.456
6.535
6.760
6.988
7.274
7.142
6.543
7.625
7.231
7.161
7.004
6.996
7.350
6.408
7.348
6.859
6.942
6.968
8.226
6.547
6.578
7.246
6.761
6.754
7.056
7.159
6.926
6.725
6.959
6.850
7.686
6.469
6.918
6.866
7.124
7.007
7.239
6.929
6.940
7.003
6.999
9.329
8.228
8.947
7.168
7.610
6.894
7.113
6.686
6.993
7.060
7.175
7.020
7.085
6.703
6.919
7.563
6.875
7.411
7.394
7.130
6.968
7.140
6.663
7.247
6.718
6.774
6.963
6.989
8.259
8.397
6.977
6.898
7.078
6.992
6.980
7.422
6.669
6.471
7.192
6.687
6.961
7.653
6.418
7.091
7.006
7.429
7.046
7.776
7.011
6.964
7.173
7.114
6.810
7.550
6.854
6.917
7.008
6.987
6.895
7.388
6.539
6.666
7.012
6.992
7.059
9.314
7.056
6.232
6.993
6.731
7.376
7.004
7.106
6.947
6.668
7.080
7.108
7.478
6.495
6.787
6.804
6.763
6.930
7.362
6.495
6.943
7.505
7.003
6.979
7.296
6.750
7.008
6.964
6.985
6.933
6.662
7.532
6.889
6.651
6.904
6.799
6.794
7.381
6.548
6.722
6.622
6.884
7.037
7.040
6.654
6.270
6.904
6.832
6.973
6.671
8.017
6.440
6.694
7.509
6.863
6.917
7.649
6.350
7.094
6.897
7.154
6.994
7.185
7.063
6.941
7.220
6.786
6.971
7.418
6.344
6.700
6.842
6.953
6.936
7.878
6.645
6.754
7.171
6.984
7.023
7.892
6.704
7.620
6.960
6.795
7.151
7.539
6.498
6.653
6.926
6.976
6.810
7.782
6.231
7.524
6.913
8.120
6.855
6.874
7.197
7.011
7.709
6.962
6.988
8.426
6.708
6.735
7.211
6.978
6.924
7.566
6.578
7.118
6.737
6.912
7.003
7.182
6.781
6.759
6.869
6.659
6.867
7.931
6.959
7.114
7.209
7.031
6.902
7.524
6.331
7.019
6.851
7.182
7.262
7.001
6.608
6.706
6.856
7.163
6.856
6.916
8.015
6.722
6.510
6.879
7.287
7.063
7.817
6.457
6.999
7.277
6.956
6.619
7.977
7.018
6.834
6.751
6.849
6.756
7.115
6.462
8.372
6.950
6.766
7.144
6.655
7.043
6.960
6.781
6.907
6.739
7.969
6.658
7.871
6.688
6.781
6.832
8.141
6.783
7.155
8.061
6.765
7.380
7.006
6.763
6.874
6.803
6.816
6.758
7.300
6.489
6.800
7.055
7.475
7.069
7.802
6.400
6.876
6.836
6.901
7.579
7.362
6.720
7.205
6.800
6.977
7.290
7.232
6.458
6.816
6.787
6.984
7.198
7.422
6.159
6.995
6.984
6.883
6.738
6.781
7.046
6.809
6.833
6.972
6.925
6.751
7.064
6.812
6.884
6.889
6.860
6.749
7.015
6.384
6.734
6.791
6.920
6.832
7.033
7.765
6.860
6.627
6.870
9.263
6.873
7.432
6.299
6.920
7.056
7.468
7.140
7.586
6.765
7.167
6.677
6.673
7.068
7.928
7.084
6.882
7.133
6.945
7.061
7.239
6.573
6.819
7.271
6.895
6.961
7.482
7.140
6.986
7.087
7.113
6.961
6.973
7.042
7.206
6.887
7.049
7.009
7.356
6.186
6.959
6.981
7.021
6.694
7.127
6.911
6.925
6.812
7.053
7.176
6.989
6.914
6.639
6.931
7.229
6.708
7.419
6.426
6.825
7.169
7.178
7.016
7.475
6.368
6.819
7.053
7.703
6.982
7.766
6.670
7.189
7.246
6.684
7.161
7.302
6.538
7.124
7.056
7.096
6.700
7.484
6.632
7.040
6.978
7.002
6.986
7.089
6.683
7.702
7.285
6.889
7.093
7.536
6.542
6.682
6.984
6.954
7.245
7.861
6.658
6.896
7.382
6.577
7.040
7.052
6.864
6.981
6.828
7.218
6.698
7.288
6.515
7.060
7.170
7.051
6.969
6.997
6.961
7.182
7.194
7.264
6.945
7.197
7.416
6.681
6.563
7.061
7.043
7.495
6.650
7.683
7.129
7.039
7.200
7.332
6.961
6.521
6.679
7.013
6.937
7.105
7.776
6.329
6.484
6.976
7.242
7.137
7.508
6.342
6.591
6.520
6.516
6.688
6.225
7.773
6.031
6.488
6.647
6.637
6.765
6.939
6.858
6.982
6.925
7.176
6.966
7.247
6.418
6.447
7.125
7.560
6.980
6.783
7.891
6.479
6.783
6.930
6.967
7.237
8.026
7.000
6.704
7.215
6.892
7.226
7.262
6.276
6.916
7.476
6.976
6.862
7.211
6.812
6.638
7.578
7.194
6.936
6.977
6.817
6.887
6.823
7.017
7.253
7.798
6.271
7.074
7.035
6.791
6.840
7.327
6.700
6.958
6.811
6.347
7.161
6.797
6.501
6.723
6.840
6.804
7.005
7.067
7.566
7.678
6.765
6.744
6.626
7.150
7.094
6.984
6.706
6.855
7.115
7.088
7.279
7.307
7.116
6.624
7.162
6.993
7.602
6.858
6.889
6.688
6.875
6.898
7.217
6.184
7.014
6.813
6.837
6.656
6.807
6.689
7.227
6.966
6.951
6.536
6.934
7.784
6.495
7.427
6.967
6.953
7.151
7.410
6.779
6.932
6.954
7.021
6.938
6.758
7.318
6.779
6.977
6.971
6.984
7.322
6.490
6.946
6.949
7.232
6.962
7.765
7.568
6.687
6.949
6.824
7.008
9.024
6.848
7.064
6.934
6.914
7.217
7.137
6.406
6.886
8.027
7.223
6.626
7.020
6.667
6.579
6.932
6.932
7.088
6.902
7.538
7.123
6.990
7.025
6.682
7.003
7.934
6.355
6.839
7.012
7.278
7.018
8.132
6.875
7.038
6.964
6.730
6.858
7.078
7.046
7.204
6.977
6.926
7.110
7.659
6.392
7.067
6.776
6.592
6.965
7.436
6.238
6.865
6.851
6.554
6.926
7.127
6.748
6.283
6.655
7.486
6.839
6.760
7.772
6.704
6.762
6.736
6.726
6.936
8.042
6.494
7.139
6.999
7.070
6.954
7.030
6.988
6.974
7.292
7.286
7.013
8.132
6.746
6.637
7.136
7.063
7.016
7.796
6.578
6.817
7.148
8.042
6.991
8.874
7.171
6.941
7.076
6.929
7.035
7.170
6.527
6.966
6.612
7.020
8.139
7.519
6.793
6.851
7.119
6.999
7.080
7.124
6.991
7.060
7.021
7.692
7.005
8.645
6.583
6.981
7.009
7.323
7.047
7.683
6.430
6.791
7.183
7.282
6.999
7.539
6.533
6.638
7.027
7.063
7.248
6.860
6.776
7.002
6.936
6.939
6.386
7.032
6.987
7.243
6.982
7.102
6.950
7.554
6.636
6.680
6.978
6.616
7.072
7.362
6.291
7.001
6.744
6.726
7.453
8.733
9.926
6.667
7.174
7.056
6.954
8.169
6.246
7.643
7.003
7.251
6.940
7.613
7.325
6.777
6.959
6.990
7.356
7.309
7.007
7.107
6.966
7.046
7.198
7.228
6.514
9.243
6.895
7.302
6.999
7.765
6.558
6.924
7.099
7.003
7.285
7.247
6.744
6.725
6.884
6.825
7.249
6.965
7.716
6.683
6.727
6.936
6.886
7.046
7.305
6.429
6.780
6.491
6.757
7.692
7.222
7.040
6.765
7.179
6.741
7.293
7.598
6.669
6.737
6.894
7.157
6.896
7.805
6.310
7.261
7.016
7.008
7.071
6.990
7.065
7.098
7.082
7.007
6.741
7.471
6.611
6.369
7.011
6.936
7.120
7.347
6.471
7.079
6.978
7.201
6.710
8.011
7.060
6.938
7.077
6.720
7.032
7.242
6.519
7.007
7.079
7.007
7.116
7.817
6.428
7.023
6.643
6.993
7.217
6.833
7.142
7.049
6.513
6.552
6.739
7.157
7.183
7.246
6.821
7.260
7.005
7.378
6.543
6.821
6.984
7.032
6.859
7.448
6.731
6.786
6.803
7.161
7.077
6.775
6.484
6.894
6.553
6.764
6.866
6.758
8.224
6.979
6.978
6.904
6.814
7.232
8.292
6.576
6.612
6.769
6.818
6.981
7.922
6.780
6.877
7.336
7.095
7.134
7.282
6.534
6.739
7.720
7.183
7.677
7.266
6.509
6.881
6.812
7.468
7.199
7.512
6.701
7.090
7.110
6.913
6.975
7.703
6.777
6.947
7.078
7.374
6.821
7.214
6.955
7.006
6.968
6.900
7.115
7.591
6.706
6.629
6.989
7.136
7.002
7.717
6.786
6.853
7.044
6.963
6.998
7.663
6.639
7.034
7.122
7.441
6.963
7.289
6.401
6.713
7.187
6.950
7.262
7.523
6.309
6.930
6.930
8.050
6.702
7.023
6.993
6.907
7.844
6.970
6.860
7.262
6.647
7.339
7.032
6.949
6.940
7.568
6.732
6.790
6.952
6.957
7.054
7.147
7.564
6.715
6.989
6.891
7.418
6.955
7.732
6.515
6.611
7.206
7.238
7.014
7.262
7.052
7.095
7.037
7.345
6.971
7.230
6.607
6.670
6.665
6.933
6.929
8.125
6.424
7.018
7.076
7.345
7.047
7.097
6.609
6.881
6.997
6.907
6.762
7.020
7.289
6.869
6.967
7.050
6.886
7.433
6.622
6.914
7.080
7.221
6.980
7.785
6.584
6.573
7.082
6.911
6.944
7.102
6.938
6.919
7.317
6.919
6.948
6.742
7.136
7.148
7.125
7.040
6.895
7.560
6.767
6.653
6.770
7.007
7.173
7.790
6.231
7.857
6.726
7.049
7.016
7.203
6.974
7.563
6.721
6.996
6.933
8.533
6.496
6.845
7.231
6.927
6.884
7.731
6.565
6.655
7.004
6.926
6.916
7.034
6.699
7.453
6.883
6.940
7.186
7.636
6.385
6.743
6.696
7.037
6.991
7.674
6.328
6.831
6.758
6.924
7.018
6.957
6.781
6.839
7.067
7.132
7.015
7.250
6.412
6.586
7.157
6.934
7.017
6.858
6.719
7.141
6.880
6.988
6.930
7.287
6.785
6.653
7.299
6.889
6.972
6.749
7.826
6.972
6.972
7.488
7.110
7.059
7.705
6.837
6.678
6.998
6.930
6.998
7.437
6.546
6.730
6.835
6.770
6.716
7.433
7.101
6.982
6.889
7.405
7.220
7.165
6.454
7.132
6.639
7.065
7.048
7.683
6.713
6.958
6.802
7.008
6.923
7.969
6.859
7.013
7.697
6.481
7.019
7.177
6.457
6.732
6.707
6.962
6.967
6.676
6.985
7.098
7.311
6.831
6.852
7.125
6.619
6.728
6.990
7.097
7.118
6.950
6.560
6.777
8.128
6.894
6.992
6.981
7.592
6.807
6.786
7.061
6.934
6.957
7.480
6.309
6.657
6.797
7.126
6.786
6.952
6.848
7.435
6.880
6.773
6.940
7.513
6.485
6.941
7.438
6.969
6.705
7.755
7.293
6.649
6.969
6.947
6.803
8.076
6.940
7.101
6.883
6.981
6.774
6.744
6.772
6.846
6.772
7.369
6.948
7.151
6.773
7.151
7.060
6.911
6.771
7.205
6.608
6.855
7.308
7.053
6.929
7.925
6.566
7.147
7.225
6.821
7.047
7.141
7.377
7.128
7.109
7.351
7.026
7.116
6.301
6.683
6.994
6.834
6.961
7.207
6.823
7.105
6.803
6.933
6.914
7.635
6.505
6.875
6.882
6.719
6.797
7.648
6.285
7.141
7.263
7.454
7.089
7.838
6.647
7.332
7.002
6.996
6.960
7.561
6.381
7.146
7.202
10.040
7.054
7.530
6.428
6.607
7.074
6.982
6.884
7.111
8.894
6.659
6.895
7.013
7.116
6.916
6.732
6.733
6.884
7.052
6.932
6.793
6.565
6.884
7.269
7.006
7.188
6.786
7.428
6.495
6.954
7.107
6.955
6.977
6.943
6.881
7.577
7.998
6.646
6.828
7.457
6.580
6.873
6.598
6.653
6.955
7.548
6.909
6.634
6.973
6.836
7.255
7.271
6.834
8.938
7.142
6.827
6.748
8.158
6.576
7.659
6.898
6.760
6.740
7.454
6.439
6.907
8.000
6.779
6.934
8.018
6.785
6.565
6.920
6.882
6.791
8.998
6.648
7.095
7.056
6.997
6.775
7.704
6.547
7.092
7.179
7.155
6.848
7.825
6.458
7.316
6.977
7.170
6.791
6.905
6.813
6.673
6.990
7.302
6.873
7.358
6.551
6.657
6.901
6.903
7.004
7.169
6.004
6.394
6.538
7.056
6.803
7.034
8.094
6.678
6.660
6.737
7.109
7.003
7.302
6.469
6.850
6.825
6.717
7.343
6.887
6.903
6.689
6.788
6.992
6.515
6.594
6.749
7.079
6.900
7.202
6.755
6.815
6.828
6.963
6.816
7.098
6.723
6.783
6.889
6.880
7.018
7.039
7.060
7.053
7.061
6.778
6.770
7.179
6.634
7.550
6.866
6.710
7.779
6.919
6.768
7.173
6.537
6.805
8.646
7.127
6.816
7.607
6.715
7.175
6.736
7.281
7.007
7.559
6.550
7.246
6.829
6.849
6.740
6.900
6.843
6.725
6.975
6.832
6.795
6.593
7.520
6.928
6.774
7.011
6.913
6.752
6.471
6.987
8.289
6.800
7.242
7.476
6.583
6.640
6.649
6.832
6.779
7.137
7.190
6.285
7.043
6.926
7.219
6.920
7.375
7.030
6.937
6.724
6.848
6.720
7.497
6.603
6.652
6.724
7.339
6.926
6.978
6.633
6.941
7.305
6.927
6.856
6.834
7.054
6.510
7.412
7.065
7.317
6.991
7.194
6.842
7.120
7.004
6.790
6.975
7.201
6.883
6.460
6.849
6.782
6.780
7.395
6.502
7.687
6.895
7.118
6.762
6.946
7.062
6.978
7.257
8.835
7.118
8.548
6.575
6.817
6.867
6.717
6.701
7.133
6.533
6.872
7.435
7.046
7.315
7.079
7.005
6.636
6.759
6.916
6.845
7.448
6.495
6.880
7.010
8.125
6.949
7.441
6.250
6.911
7.024
7.092
6.578
7.083
6.671
6.786
6.947
7.134
6.816
6.697
6.725
7.554
7.198
6.766
7.120
7.856
6.539
6.983
6.864
6.705
7.370
7.839
6.658
6.867
7.120
6.970
6.750
7.371
7.292
7.207
7.231
7.100
7.279
7.140
6.468
6.995
7.176
7.003
6.858
7.073
6.620
6.829
6.854
6.812
6.950
7.868
6.336
6.625
6.897
6.740
6.802
8.257
6.913
6.883
6.789
6.729
7.039
7.727
6.575
6.986
7.144
6.691
6.829
7.582
6.182
6.797
7.096
6.768
6.943
6.921
6.793
6.553
7.690
6.992
6.945
6.822
7.725
7.019
6.712
7.054
6.995
6.876
7.579
6.390
6.651
6.722
6.946
7.017
7.392
6.379
6.864
6.863
7.006
6.951
6.903
7.000
6.642
7.140
6.851
7.032
7.017
7.099
6.715
7.128
7.051
7.008
7.043
7.052
6.931
6.702
6.946
7.001
6.819
6.918
6.955
6.967
7.258
6.999
7.630
6.562
7.430
6.785
7.042
7.021
7.857
6.467
6.656
7.012
7.026
7.199
7.833
6.866
6.673
7.055
6.920
6.912
7.854
6.548
6.637
6.902
6.855
6.986
7.426
6.166
6.551
6.823
7.347
7.001
7.125
6.816
6.841
6.973
7.050
7.047
7.307
6.156
6.947
6.816
6.803
6.960
7.488
6.601
7.017
6.921
6.969
6.937
6.570
7.041
7.209
6.882
7.009
6.756
7.428
6.467
6.713
6.769
6.813
6.640
7.800
6.536
6.849
6.867
6.804
6.854
6.966
8.040
6.958
6.805
6.869
6.911
7.217
7.333
6.721
7.004
7.060
7.269
6.805
7.679
6.570
6.887
7.385
6.894
7.105
7.124
6.415
6.798
6.960
7.361
6.973
7.887
6.632
6.619
6.984
6.893
7.025
7.091
7.160
6.800
6.734
7.126
7.202
7.199
6.407
6.744
6.811
7.259
7.203
6.971
7.033
7.116
7.169
7.141
6.970
7.045
7.028
7.574
6.898
7.040
7.007
7.049
7.023
6.913
6.935
6.883
7.169
6.902
7.364
6.796
7.763
6.772
7.000
7.648
6.745
7.070
7.055
7.169
6.708
7.968
6.265
6.939
6.942
7.170
6.718
6.946
6.965
6.914
6.773
6.597
7.024
6.842
6.884
7.030
7.085
6.941
6.584
7.424
6.491
6.819
6.756
6.949
7.022
7.317
6.139
7.158
6.938
7.463
6.938
6.911
6.424
6.773
6.924
6.992
7.064
6.779
7.631
6.519
7.210
6.803
6.793
7.118
7.420
6.424
6.947
6.896
6.817
7.355
7.158
7.272
6.627
6.904
6.822
7.047
6.957
6.655
7.172
7.412
7.140
7.034
7.185
6.438
6.685
6.985
6.781
6.713
7.899
6.593
7.231
6.852
6.921
6.724
6.556
6.680
6.604
6.972
6.856
6.800
6.810
7.246
6.933
7.231
7.178
7.129
7.142
6.351
6.628
7.001
7.194
6.931
7.680
6.544
6.972
7.059
6.848
7.110
7.215
6.798
7.016
7.132
6.898
7.108
7.516
6.527
6.809
7.000
6.819
7.252
7.419
6.544
7.338
6.683
6.876
7.013
9.392
7.184
6.905
7.066
7.074
7.207
7.659
6.759
6.983
6.831
6.778
6.814
7.285
6.972
6.886
6.742
6.972
6.921
7.802
6.612
7.149
7.009
6.972
6.831
7.557
6.542
6.817
6.986
7.065
7.079
7.129
6.796
6.791
7.086
7.004
7.048
7.243
6.758
6.927
6.875
6.799
7.348
6.947
7.021
6.652
6.571
6.824
7.149
6.941
7.103
7.046
7.017
6.963
6.920
7.052
6.952
7.019
6.773
7.746
6.567
7.655
6.263
6.824
7.001
7.664
7.209
7.113
6.893
6.935
7.250
6.751
6.975
7.313
6.366
6.641
7.120
6.833
6.893
7.330
6.802
7.018
7.514
6.979
7.016
6.863
6.386
6.612
6.802
7.047
7.042
7.253
7.943
6.852
6.688
7.032
7.137
6.831
7.549
6.543
6.823
6.904
7.070
6.991
8.246
7.292
7.166
6.752
7.883
6.889
7.156
6.710
6.842
7.053
6.804
6.943
7.215
6.597
6.779
6.931
7.208
7.086
6.927
7.810
6.813
7.014
6.803
7.145
6.948
7.341
6.462
6.739
7.239
7.092
7.252
7.473
6.639
6.852
6.817
6.969
6.932
8.966
6.812
6.762
7.057
7.011
6.798
7.381
6.169
7.023
6.840
7.824
7.549
7.466
6.412
6.845
6.880
7.103
6.759
7.107
6.999
6.960
7.194
6.637
6.842
7.743
6.569
6.800
7.908
7.038
6.628
7.218
8.678
6.941
7.001
7.028
6.957
7.622
7.144
6.998
7.002
7.581
7.177
8.562
6.614
7.017
7.102
7.164
6.970
7.733
6.577
6.865
7.131
6.661
6.765
8.433
6.620
7.207
6.736
7.437
7.052
7.216
6.514
7.091
6.675
6.950
7.012
7.482
6.891
6.793
7.260
6.770
7.109
7.060
7.705
6.859
6.744
6.969
6.793
7.205
7.785
6.511
6.958
6.970
6.826
7.261
6.964
6.939
7.036
7.031
6.905
6.955
7.523
6.409
6.924
6.834
7.032
6.955
7.408
6.455
6.956
7.121
6.941
7.029
7.154
7.141
6.967
6.939
7.017
7.180
7.532
6.457
6.384
6.848
7.066
7.056
8.171
6.363
6.681
7.022
6.993
7.072
6.910
6.695
7.548
7.161
7.660
7.066
7.476
6.578
6.989
8.002
6.644
7.161
6.999
6.959
6.884
9.843
7.067
8.086
6.586
6.690
6.958
6.904
7.193
7.065
6.847
6.494
6.906
6.870
6.864
6.789
7.808
6.499
6.751
6.791
7.035
6.812
7.773
6.270
6.986
7.249
6.976
7.064
6.626
6.780
6.860
7.043
6.987
6.949
7.556
6.357
6.644
6.962
7.344
6.909
7.035
6.354
6.766
6.794
7.262
7.047
7.103
6.930
6.709
6.948
6.911
6.797
6.607
6.919
6.941
7.795
6.947
6.780
7.434
6.507
6.645
8.045
6.937
7.249
7.258
6.564
7.054
7.016
6.978
6.809
7.242
7.095
6.842
7.621
6.867
7.082
7.175
7.282
7.114
6.776
6.772
6.765
7.961
6.697
7.161
6.712
7.402
6.764
8.129
6.594
6.875
6.881
7.021
6.941
6.949
7.114
7.014
6.961
6.909
7.571
7.023
6.520
6.870
6.945
6.988
6.991
7.448
6.440
7.006
8.113
7.177
6.888
7.088
6.909
7.088
6.935
6.990
6.988
7.154
7.196
7.043
7.050
7.204
7.069
7.926
6.542
6.704
7.309
6.882
7.078
7.058
7.094
6.688
6.921
7.098
6.994
7.664
6.372
7.062
7.034
7.001
6.856
7.448
6.512
8.403
7.295
6.902
6.707
7.116
6.996
6.952
7.105
8.185
6.831
8.110
6.480
6.991
6.764
6.580
6.977
7.695
6.501
6.943
6.639
6.781
7.078
7.022
7.104
6.914
6.878
6.962
7.383
7.519
6.467
6.804
6.833
7.005
6.963
8.008
6.469
6.631
6.984
7.023
7.192
7.031
7.292
7.123
7.032
6.977
6.926
7.609
6.290
6.841
8.353
6.774
7.096
7.549
6.430
6.901
7.326
7.287
7.056
7.152
7.035
8.038
6.900
7.077
6.821
7.433
6.411
6.832
6.940
6.781
6.985
7.429
6.546
7.017
6.919
6.958
6.970
7.006
7.051
7.027
7.021
6.685
6.910
7.836
6.327
6.660
6.958
6.918
6.965
7.520
6.658
7.039
7.378
7.007
7.165
7.140
6.675
7.013
6.842
6.948
6.918
6.900
7.178
6.989
6.945
6.837
8.499
7.352
6.361
6.666
6.793
6.910
6.938
7.637
6.419
6.906
6.949
7.429
7.126
7.172
6.574
6.852
6.864
6.804
6.974
6.918
6.769
6.768
7.167
7.537
7.030
7.500
6.429
6.879
6.823
7.023
7.176
7.564
6.743
6.919
6.895
6.564
6.961
7.563
6.270
7.393
6.766
7.397
6.879
6.845
6.757
6.817
7.112
6.871
7.042
7.139
8.585
6.587
6.761
6.849
6.668
6.919
7.592
6.625
6.967
6.636
7.130
6.725
7.358
6.747
6.747
7.140
7.038
7.028
6.819
7.821
6.554
6.981
7.329
6.874
7.385
7.429
6.339
6.842
7.431
6.798
6.678
6.913
6.935
6.914
6.782
7.198
7.069
7.183
6.307
7.189
6.749
6.738
6.458
7.236
6.493
7.434
7.074
6.950
6.897
6.855
6.796
6.866
6.848
6.882
8.154
7.262
7.310
6.933
6.868
6.960
7.034
8.082
6.519
7.357
7.000
6.719
7.156
6.947
6.846
6.775
6.842
6.782
7.082
7.040
7.039
6.981
6.969
6.904
6.597
7.464
6.731
6.995
6.873
6.748
6.999
7.469
6.482
6.249
7.009
6.782
6.987
7.430
6.733
6.751
7.177
7.056
6.945
7.132
7.558
6.749
6.907
6.499
6.893
7.121
8.061
6.468
7.007
6.876
6.826
6.694
7.262
6.635
7.379
6.827
6.979
6.986
7.030
7.135
6.526
6.999
6.743
6.955
6.894
7.072
6.867
7.205
6.809
6.921
6.687
6.799
7.666
6.903
6.880
6.933
6.747
7.086
6.694
6.734
7.049
6.816
7.063
6.145
6.925
6.592
6.964
7.218
6.908
7.014
6.778
6.816
6.940
6.880
7.046
6.697
6.793
6.886
7.251
7.063
6.876
7.017
6.382
6.836
6.768
6.455
7.575
6.869
6.881
7.049
7.607
6.941
6.819
6.996
8.378
6.191
6.823
7.217
7.335
6.737
7.172
7.070
7.001
7.087
6.952
6.914
7.815
6.721
6.810
6.969
6.960
6.987
7.801
6.536
6.358
7.003
7.023
7.016
8.311
6.635
6.944
6.954
6.630
6.991
6.968
6.386
6.735
6.736
7.081
7.522
6.791
6.734
6.812
6.757
6.666
7.063
6.914
6.642
6.697
6.861
7.192
6.757
7.141
7.559
6.959
6.927
7.083
6.879
6.931
7.541
6.316
7.322
7.092
6.899
6.631
6.941
7.092
7.207
6.865
6.979
7.164
7.513
7.282
6.873
6.880
6.673
7.120
7.507
6.457
7.476
6.796
6.827
7.119
7.448
6.615
7.170
6.788
6.868
7.088
7.547
6.914
7.002
6.836
7.031
6.929
6.926
7.564
6.806
6.995
7.051
6.927
7.573
6.686
7.118
6.799
6.945
6.814
7.262
6.402
6.922
6.811
6.861
6.969
7.686
6.737
6.903
6.780
6.925
7.042
7.023
6.607
6.871
6.920
6.954
7.050
7.060
7.478
6.227
6.811
7.007
7.058
7.015
7.385
6.429
7.057
7.414
7.123
7.600
6.855
6.992
7.217
6.906
7.109
6.917
7.577
6.487
6.969
6.998
6.890
7.086
7.738
6.581
6.818
7.020
6.870
6.935
7.118
7.088
6.687
7.282
6.926
7.048
7.337
6.379
8.823
6.940
6.950
6.938
7.417
6.459
6.710
6.921
7.239
7.025
7.305
6.406
7.032
7.028
7.423
7.025
6.869
7.034
6.928
6.834
6.955
6.994
7.404
6.538
7.089
7.044
7.048
6.938
7.385
6.568
6.973
7.030
6.936
7.121
7.727
6.978
6.669
7.220
6.690
6.922
7.196
6.544
6.686
6.974
7.053
7.009
7.026
6.827
6.605
7.239
7.267
7.056
6.967
7.615
7.363
8.206
6.730
6.466
6.924
7.753
6.661
6.815
6.712
7.040
7.504
7.160
7.496
6.762
7.010
7.091
6.900
7.328
6.396
7.011
6.949
6.998
7.404
7.848
6.564
6.968
7.184
6.784
6.790
7.120
6.681
6.994
6.914
7.151
6.885
7.163
6.488
6.957
6.953
7.209
6.839
7.620
6.657
7.045
6.870
6.960
6.650
8.389
6.947
6.771
6.694
7.173
6.799
7.236
6.606
6.684
6.679
6.458
6.850
7.163
6.693
6.666
7.704
6.888
6.673
6.975
6.947
6.808
7.387
6.714
7.067
7.232
6.582
7.576
7.002
7.339
7.220
7.460
6.451
6.590
7.005
6.904
7.121
7.841
6.591
6.697
6.775
7.089
6.919
6.941
7.054
6.966
7.025
7.179
6.779
7.817
6.485
7.078
6.982
6.895
6.893
7.920
6.595
7.013
7.820
6.838
7.233
7.412
7.077
7.344
7.001
6.972
7.394
8.583
6.371
6.272
6.711
7.148
6.987
7.976
6.267
7.119
6.658
6.777
7.230
6.902
7.149
7.029
7.061
8.214
7.139
7.299
6.289
6.606
7.029
6.742
6.876
7.696
6.608
7.004
6.778
6.924
6.869
7.981
6.979
6.825
7.002
6.959
7.083
7.368
6.462
7.140
7.054
7.112
6.870
7.151
6.402
6.983
7.123
6.711
6.602
6.467
6.707
6.522
6.623
6.722
6.928
6.828
7.915
6.556
6.874
6.852
8.893
7.027
7.143
6.387
6.626
7.172
6.794
6.849
7.703
6.573
6.832
6.825
7.144
6.811
7.536
6.721
6.693
6.930
6.741
7.082
7.003
7.921
6.835
6.515
6.972
6.957
7.566
7.137
6.938
6.789
6.960
7.046
7.393
6.383
7.011
6.792
6.731
6.898
7.025
6.433
7.243
7.193
6.846
7.090
6.858
6.817
7.195
6.844
6.906
6.731
7.786
6.702
7.052
7.004
6.694
7.109
7.106
6.315
7.034
7.390
7.828
6.895
7.504
6.782
6.879
6.896
6.805
6.818
6.770
7.240
7.039
7.002
6.731
6.866
7.632
6.639
6.659
7.015
6.742
7.462
7.645
6.317
6.927
7.448
7.216
6.964
7.080
6.847
7.207
7.800
7.100
6.945
7.420
6.847
7.230
6.732
6.876
6.802
7.922
6.572
6.779
6.705
6.803
7.031
6.920
6.897
6.997
6.717
7.123
7.095
7.426
6.314
6.573
6.637
7.032
6.971
7.622
6.736
6.773
6.751
7.177
6.983
7.316
6.885
7.075
6.822
7.157
6.876
7.829
6.531
6.727
7.067
6.769
6.933
7.205
6.527
6.771
6.874
6.946
7.074
6.888
6.581
6.944
7.063
6.936
6.907
6.780
7.869
7.148
7.163
6.966
6.623
6.747
7.631
6.417
6.903
6.826
7.038
7.567
6.845
6.694
6.960
7.091
6.876
7.063
6.803
6.861
8.721
6.744
7.012
6.799
7.644
6.516
6.566
6.795
6.921
6.877
7.333
6.389
6.923
7.174
6.977
7.061
6.685
7.387
6.727
6.951
6.850
6.980
7.092
6.541
7.135
6.978
6.969
6.754
7.296
7.010
6.769
6.858
6.899
6.796
6.912
7.681
6.670
6.949
6.810
6.570
6.767
8.017
6.954
7.304
6.960
7.213
6.971
7.920
7.242
7.062
7.077
6.961
6.885
7.505
6.287
6.509
7.081
7.030
7.107
7.934
6.599
7.278
7.160
7.096
7.012
7.010
6.676
6.980
7.273
7.040
6.895
7.212
6.539
6.986
7.022
7.087
6.985
7.556
6.559
7.115
6.860
6.932
6.881
7.038
7.010
6.993
7.098
6.995
6.927
7.729
6.864
6.720
6.868
6.966
6.960
7.497
6.290
6.724
7.917
7.148
6.771
6.909
6.942
6.546
7.829
6.718
6.953
7.840
6.691
7.178
6.963
7.038
6.505
7.765
6.538
6.770
6.988
6.603
7.360
7.631
6.902
6.706
6.619
6.876
6.741
6.779
6.954
6.856
6.930
6.905
7.011
7.307
6.830
6.995
6.641
6.426
6.805
6.985
6.773
6.879
6.883
7.075
7.988
7.046
6.699
7.180
6.860
6.602
6.931
6.919
6.873
6.795
7.514
7.320
6.727
8.318
7.390
6.839
7.108
6.877
6.857
7.565
6.516
6.695
6.449
6.949
7.297
7.807
6.376
7.975
7.018
7.149
6.922
7.134
6.646
6.983
7.496
7.458
7.284
7.339
6.424
7.036
6.746
7.029
6.957
6.791
6.996
6.572
6.929
7.253
6.848
7.033
7.731
6.590
6.987
6.975
7.011
6.732
7.389
6.689
7.115
6.722
6.774
6.946
6.854
6.975
7.412
6.745
7.135
7.014
7.360
6.748
6.955
6.946
7.578
6.802
7.358
6.993
7.042
7.140
7.183
6.807
6.916
6.980
7.830
7.104
6.763
6.670
8.252
7.146
7.578
7.412
7.455
7.319
7.411
7.464
6.779
8.321
7.568
7.486
8.578
7.131
7.361
7.362
7.387
7.556
7.755
7.047
7.441
7.545
7.467
7.273
7.059
6.838
7.401
7.338
7.351
7.461
6.775
7.648
7.362
7.800
7.895
8.144
7.792
7.035
7.762
7.473
7.466
7.935
6.799
7.621
7.667
7.504
8.164
9.114
7.483
7.600
7.346
7.608
7.214
8.116
7.312
7.622
7.274
7.702
7.474
8.928
7.357
7.659
7.503
7.430
7.546
7.301
7.159
7.604
7.502
7.428
7.617
7.610
7.311
7.308
7.669
7.111
7.749
7.427
7.181
7.520
7.257
7.783
7.506
7.737
7.649
7.492
8.232
7.936
8.663
7.368
7.548
7.044
6.505
6.879
8.030
6.319
6.585
7.440
7.066
6.943
7.043
6.970
7.234
6.815
7.218
7.015
6.864
6.846
7.061
7.067
7.112
7.692
7.635
6.555
7.063
7.160
7.044
6.778
7.825
6.767
7.418
6.823
6.995
6.829
7.007
6.818
7.347
6.839
6.976
7.052
7.244
6.569
7.060
7.203
6.831
6.843
7.789
6.582
6.974
7.067
6.697
7.004
6.887
6.599
7.031
7.086
6.859
6.918
6.775
6.893
6.989
6.685
7.113
6.941
7.373
6.487
6.605
7.017
6.925
6.790
7.261
6.814
6.836
6.745
8.226
6.841
7.247
6.732
6.375
7.185
6.904
6.741
6.893
7.053
6.784
6.648
7.116
6.814
6.774
6.889
6.652
7.357
7.382
7.198
7.577
6.751
7.252
7.041
7.096
6.885
8.087
6.687
7.211
6.945
6.843
6.794
8.463
6.880
7.050
6.428
6.890
6.904
7.758
6.602
6.703
7.044
7.049
6.786
7.433
6.464
7.464
7.002
7.089
7.185
7.034
6.616
6.554
6.441
7.273
7.033
7.545
7.821
6.894
7.035
7.349
6.717
7.430
7.179
6.789
6.946
7.191
7.042
6.813
6.761
6.977
7.177
7.087
7.114
7.126
7.694
6.618
6.685
7.094
6.967
6.958
7.393
6.375
7.203
7.019
6.901
7.115
8.091
6.682
6.975
6.839
6.798
6.949
7.459
6.578
7.637
7.254
6.757
7.004
7.981
6.691
7.038
6.941
6.861
7.209
7.572
6.969
6.553
7.195
6.760
7.105
7.735
6.595
6.941
7.027
6.819
6.504
7.371
6.185
6.804
6.997
7.544
7.143
6.958
7.011
6.995
6.955
7.137
6.902
6.742
6.728
7.037
7.228
6.896
6.785
7.467
6.494
6.734
6.977
6.381
6.755
7.202
6.498
7.163
9.954
6.973
6.937
7.203
6.595
6.922
6.741
6.728
6.997
7.515
6.286
6.635
6.872
6.837
6.720
7.885
6.439
6.945
6.917
6.918
6.906
6.688
6.872
6.853
6.877
6.890
6.728
6.909
6.843
7.221
6.849
7.352
6.951
6.896
6.817
6.743
6.729
7.090
6.753
6.767
6.706
7.131
6.446
7.021
7.085
6.838
7.058
7.497
7.522
7.014
6.693
7.374
6.365
6.969
6.854
6.611
6.510
7.438
7.371
7.192
6.691
7.095
7.062
6.912
6.854
6.976
6.709
6.823
6.759
6.735
7.036
6.935
7.104
6.891
7.638
7.878
6.968
7.422
7.589
7.695
7.330
8.601
7.173
7.383
7.564
7.537
7.564
7.645
7.380
7.647
7.512
7.600
7.383
8.253
6.802
6.961
7.184
8.052
6.953
6.759
6.944
7.850
6.724
6.823
6.675
7.476
6.472
7.780
8.753
7.398
7.703
7.955
7.645
7.559
7.992
7.498
7.518
8.737
7.506
7.536
7.355
7.583
7.515
7.419
7.604
6.995
6.998
7.408
6.821
7.430
6.980
6.804
6.668
6.747
7.086
7.511
7.121
6.762
6.875
6.741
7.002
8.391
6.712
7.155
6.900
7.010
7.414
6.829
7.959
6.816
6.828
6.800
6.770
7.014
6.316
7.175
6.915
6.840
6.745
6.994
6.696
7.137
6.626
7.132
7.278
6.774
7.075
7.195
7.201
6.849
6.956
6.796
6.740
7.064
6.892
7.400
6.941
7.578
6.487
6.468
6.498
6.805
6.546
8.202
6.653
6.708
6.985
6.945
7.099
7.083
7.421
7.089
6.935
6.691
6.818
6.887
7.607
6.264
6.926
6.998
7.177
6.813
7.177
7.184
6.915
6.504
6.744
6.955
7.088
7.005
6.965
7.857
6.959
6.920
7.503
6.017
6.734
7.001
6.874
6.894
7.547
6.695
6.673
7.887
7.009
7.146
6.972
7.348
7.031
7.047
7.760
7.403
7.571
6.483
7.147
6.807
6.882
6.777
7.170
6.395
6.843
7.279
6.755
6.767
8.186
6.881
7.077
6.723
6.927
6.817
6.734
7.405
6.872
6.742
6.957
6.989
7.203
6.495
6.925
7.025
6.817
6.861
7.509
6.592
6.932
6.845
6.852
6.987
7.048
6.772
7.299
6.624
6.956
6.886
6.934
7.583
6.661
6.663
7.084
7.198
6.803
7.674
6.317
6.954
6.946
6.777
7.144
6.955
6.633
6.961
7.008
6.951
6.816
7.278
6.920
6.978
6.681
6.961
7.126
6.636
6.951
6.850
6.899
7.169
6.784
6.657
7.059
6.930
6.821
6.964
7.149
6.832
7.134
6.933
6.797
7.119
7.018
7.367
6.908
6.857
6.845
6.891
7.032
6.780
6.751
7.035
6.814
7.152
6.919
6.696
6.951
7.317
7.063
6.838
6.865
7.081
6.544
6.921
6.827
6.998
6.735
6.859
6.956
6.896
7.034
6.589
6.776
6.819
7.256
7.053
6.794
6.896
6.984
7.321
6.787
7.031
7.027
6.880
6.793
7.128
7.390
6.914
6.914
7.079
6.986
7.204
7.176
6.771
7.041
6.761
6.784
6.889
6.774
7.027
7.696
7.275
6.975
7.566
6.607
7.244
7.041
6.904
7.187
7.571
7.289
6.830
7.383
7.648
7.553
7.588
6.808
7.871
7.538
6.819
7.398
8.670
6.659
7.053
7.342
6.913
6.802
7.208
6.628
7.223
7.601
6.884
6.891
7.429
6.387
7.469
6.563
7.415
7.044
7.536
6.754
